3.609143034560912278e-03 3.782351120697898295e+04 3.972418697992453028e-03 2.315959370143893830e+04
3.984231824337053016e-03 4.245348798421485844e+04 4.385261776708333607e-03 2.419274726351165009e+04
4.398302610356751886e-03 4.712418440925284085e+04 4.841010556107207784e-03 2.523809185102220727e+04
4.855406689466393311e-03 5.172094587511884311e+04 5.344124113368778350e-03 2.629576595347825059e+04
5.360016399190601147e-03 5.626391358376122662e+04 5.899524945893792720e-03 2.735839955776743955e+04
5.917068875387972333e-03 6.070716950240929145e+04 6.512647133354742060e-03 2.841263346594662289e+04
6.532014357525497104e-03 6.502669769162272132e+04 7.189489505102493981e-03 2.944947512979538806e+04
7.210869514193642485e-03 6.917953412446295260e+04 7.936674333122261879e-03 3.044997881010647689e+04
7.960276310602757560e-03 7.312216086998312676e+04 8.761512124794978984e-03 3.139841233042438398e+04
8.787566994024201619e-03 7.679925866917184612e+04 9.672073149400677375e-03 3.226985251223157320e+04
9.700835832998406030e-03 8.014960570673232723e+04 1.067726639818427845e-02 3.304014713986370771e+04
1.070901831221097132e-02 8.310069292727966968e+04 1.178692675053426980e-02 3.367718646639410872e+04
1.182197855788503019e-02 8.557306656021036906e+04 1.301191119911425734e-02 3.414818313109748124e+04
1.305060584906581229e-02 8.747724177174182842e+04 1.436420507542058612e-02 3.441433572721502424e+04
1.440692115907043352e-02 8.871973132020709454e+04 1.585703931508414960e-02 3.443699453281337628e+04
1.590419476951170433e-02 8.920310673431816394e+04 1.750501991024811660e-02 3.417574845349547832e+04
1.755707610763963811e-02 8.883618925405631308e+04 1.932427081559246265e-02 3.359530398313436308e+04
1.938173707733803486e-02 8.753955613883961632e+04 2.133259170620764589e-02 3.266751904134559300e+04
2.139603028613640961e-02 8.526226732431013079e+04 2.354963213083114890e-02 3.138050456985925121e+04
2.361966371634123540e-02 8.199432287765933143e+04 2.599708376437423127e-02 2.974439910076090018e+04
2.607439354928055633e-02 7.778917712103753001e+04 2.869889264075044591e-02 2.780160325097198802e+04
2.878423702926784233e-02 7.277810182405327214e+04 3.168149344250671684e-02 2.563145485128830478e+04
3.177570744996041641e-02 6.718636480323047726e+04 3.497406813956253913e-02 2.335259675272636014e+04
3.507807356223513473e-02 6.132764855191448441e+04 3.860883150759644722e-02 2.111142418221707339e+04
3.872364594164567214e-02 5.558161318886854133e+04 4.262134631961111975e-02 1.905783523944075569e+04
4.274809311730011496e-02 5.033007241863696254e+04 4.705087129453292688e-02 1.730194255732514648e+04
4.719079055518555360e-02 4.586623010398296901e+04 5.194074520719883098e-02 1.586785400592309270e+04
5.209520591041606752e-02 4.227893054017244867e+04 5.733881091788885914e-02 1.466512742674479705e+04
5.750932431773876641e-02 3.937315612284016970e+04 6.329788347013819150e-02 1.351938084598597197e+04
6.348611788136886147e-02 3.667980066561638523e+04 6.987626683672970573e-02 1.227024600401727912e+04
7.008406395767476094e-02 3.363261217202777334e+04 7.713832436974521478e-02 1.089058046699283295e+04
7.736771730162596283e-02 2.987928370597914909e+04 8.515510853599732310e-02 9.503834762814922215e+03
8.540834167492401818e-02 2.558696289776249614e+04 9.400505609921683270e-02 8.253929059992271505e+03
9.428460709551345076e-02 2.144899621407896120e+04 1.037747555507053387e-01 7.172489347432750947e+03
1.040833595504095654e-01 1.824989122270626103e+04 1.145597942970470601e-01 6.234778453230308514e+03
1.149004707027658639e-01 1.619560830700733641e+04 1.264656938938222841e-01 5.443526953635026075e+03
1.268417759067732298e-01 1.464498738953820794e+04 1.396089424757130104e-01 4.792039947480206138e+03
1.400241097079925889e-01 1.270977897704769020e+04 1.541181344843673695e-01 4.269614110637793601e+03
1.545764489605271075e-01 1.047114238275159732e+04 1.701352288451982442e-01 3.787675100205186027e+03
1.706411747453701611e-01 8.848102977031809132e+03 1.878169379032034181e-01 3.190701279952182631e+03
1.883754654366246450e-01 7.772743800270114662e+03 2.073362607072505859e-01 2.646661666840666385e+03
2.079528345454487448e-01 6.523736362269522942e+03 2.288841756445853248e-01 2.245948635516866034e+03
2.295648283880977192e-01 5.338204811457741926e+03 2.526715089864132180e-01 1.819990192613366162e+03
2.534229001881627141e-01 4.541740476145817411e+03 2.789309976265343383e-01 1.503205331013238947e+03
2.797604789493496891e-01 3.751138835776403539e+03 3.079195661950052121e-01 1.194476510446439306e+03
3.088352533407921485e-01 3.086376188294036638e+03 3.399208408262639480e-01 9.004456179441286849e+02
3.409316929405871166e-01 2.517177306352324194e+03 3.752479241765979689e-01 6.502531945292724913e+02
3.763638315055728434e-01 2.025702400348479159e+03 4.142464588419143001e-01 4.344284343495601206e+02
4.154783394990502199e-01 1.617847466525169011e+03 4.572980091485006615e-01 2.621094689471847232e+02
4.586579159382694337e-01 1.278806896117663200e+03 5.048237944044504655e-01 1.081810353366456212e+02
5.063250327477482049e-01 9.839849697024975512e+02 5.572888101381371362e-01 -8.354490317104275476e+00
5.589460682534308500e-01 7.438928984709372116e+02 6.152063776462171063e-01 -8.055561689433733363e+01
6.170358702600773348e-01 5.739593611892036051e+02 6.791431663642503169e-01 -1.301384207445844083e+02
6.811627933573428662e-01 4.306735529517560508e+02 7.497247381991535287e-01 -1.580263374974229293e+02
7.519542597398947148e-01 3.107289676718175997e+02 8.276416680696166983e-01 -1.644105696372857039e+02
8.301028979490101545e-01 2.191593159472380989e+02 9.136563005382646319e-01 -1.531025106575326618e+02
