1.000000000000000000e+00 1.065172642949663562e+01 -5.116725751836827207e+00
1.024494535446561772e+00 1.195869550808574289e+01 -6.012102426532146993e+00
1.049589053159866614e+00 1.192246756878873626e+01 -6.029856144213478153e+00
1.075298249426814179e+00 1.189103599600184324e+01 -6.011507886395468958e+00
1.101637180513025172e+00 1.177648991050867622e+01 -6.324346045315405007e+00
1.128621271480352073e+00 1.186947027603766003e+01 -6.258585153018994873e+00
1.156266325220371094e+00 1.182856086829025344e+01 -6.110548685835009763e+00
1.184588531709147352e+00 1.205982506351944394e+01 -5.921410597641891371e+00
1.213604477488687605e+00 1.198907723255666546e+01 -5.618799738548789335e+00
1.243331155380640540e+00 1.182154056398534792e+01 -5.600097960502142591e+00
1.273785974437926294e+00 1.187077445153099653e+01 -5.161955849206600888e+00
1.304986770140129426e+00 1.175955756897307225e+01 -4.772421441495801275e+00
1.336951814838621022e+00 1.175766546885539654e+01 -4.154115222220657877e+00
1.369699828457530799e+00 1.177662774666198686e+01 -3.597233152508167553e+00
1.403249989456833546e+00 1.163982124825409947e+01 -3.165983351180515548e+00
1.437621946063971645e+00 1.163709201731654552e+01 -2.544560023853363440e+00
1.472835827780590634e+00 1.145398198479661822e+01 -2.141158548195255307e+00
1.508912257171128646e+00 1.122671354210748795e+01 -2.034026353336259696e+00
1.545872361940158424e+00 1.112847367227487005e+01 -1.688775191992295754e+00
1.583737787305562028e+00 1.091393552073018292e+01 -1.556989832667616369e+00
1.622530708674777555e+00 1.094415783881592397e+01 -8.844524902006539735e-01
1.662273844631547037e+00 1.073331052478901171e+01 -7.641080210809596540e-01
1.702990470240767218e+00 1.052352795675114017e+01 -8.061114278249549292e-01
1.744704430679236529e+00 1.031416895117180488e+01 -7.184050925332113868e-01
1.787440155200282765e+00 1.018489719418135486e+01 -3.849562572442821740e-01
1.831222671440444039e+00 1.010185095924419763e+01 2.232056104843213595e-02
1.876077620076589625e+00 9.960224729907192653e+00 3.237316747499208169e-01
1.922031269842056966e+00 9.822130903043126082e+00 6.556035630667229608e-01
1.969110532910603784e+00 9.623516717183578706e+00 6.996375303205595308e-01
2.017342980657180984e+00 9.509355683695936534e+00 9.868404282725463661e-01
2.066756859804760982e+00 9.431254991840786417e+00 1.391787655683826674e+00
2.117381108966673420e+00 9.235349783572173621e+00 1.400209801217304317e+00
2.169245375594138103e+00 8.936909066434573390e+00 1.001471241103250254e+00
2.222380033338918981e+00 8.813098873323546911e+00 1.256600438459032132e+00
2.276816199841270372e+00 8.626588505488870240e+00 1.259090398688315959e+00
2.332585754953588442e+00 8.447517744734874157e+00 1.277571904119660928e+00
2.389721359410444279e+00 8.227299032558866188e+00 1.097823517340936084e+00
2.448256473955929824e+00 8.225779554494947021e+00 1.763340960587341799e+00
2.508225378939517913e+00 8.025793690408953296e+00 1.644975435571867095e+00
2.569663194391917926e+00 7.838025361947007497e+00 1.570102109689225367e+00
2.632605900592675852e+00 7.655666848663892132e+00 1.505741255078540952e+00
2.697090359141570914e+00 7.478710460713253738e+00 1.453863260858514916e+00
2.763154334546144231e+00 7.361160767796699922e+00 1.650139045523218329e+00
2.830836516338005815e+00 7.189818711951088126e+00 1.597855703164782204e+00
2.900176541730869140e+00 7.024402163250948128e+00 1.560840420000515483e+00
2.971215018833583077e+00 6.864241549486438387e+00 1.536644144774710341e+00
3.043993550431759232e+00 6.691479007988513139e+00 1.436051924180118622e+00
3.118554758351915535e+00 6.580297551976604709e+00 1.603012917404446736e+00
3.194942308422410449e+00 6.417802207523576996e+00 1.535371514081912414e+00
3.273200936045783216e+00 6.168919074787941881e+00 1.077536549301515434e+00
3.353376472397476160e+00 6.017367218925829597e+00 1.039180986082445912e+00
3.435515871266282772e+00 5.909270518953361417e+00 1.184085385038721183e+00
3.519667236552240563e+00 5.800845994057921118e+00 1.309615316034526966e+00
3.605879850438071355e+00 5.638080954168594339e+00 1.193022836181614199e+00
3.694204202250670033e+00 5.480191140526823546e+00 1.090281400698613679e+00
3.784692018029536698e+00 5.326627908129281330e+00 9.987677281919354888e-01
3.877396290819481894e+00 5.176883235055727006e+00 9.160651302651239281e-01
3.972371311705327201e+00 5.031205180602890792e+00 8.440795321350211822e-01
4.069672701606798171e+00 4.870078895918641848e+00 6.851243020247981264e-01
4.169357443852211631e+00 4.726117953839899855e+00 6.015700175274977246e-01
4.271483917550035869e+00 4.586369785528294329e+00 5.289384140684935121e-01
4.376111931777884045e+00 4.450534250089430266e+00 4.668411381242704716e-01
4.483302760608939508e+00 4.319374925825205658e+00 4.178868578715678739e-01
4.593119178996343699e+00 4.171765697645335003e+00 2.763301955926070752e-01
4.705625499536552070e+00 4.042062688902280598e+00 2.150626804032783335e-01
4.820887610133195444e+00 3.916631171899544572e+00 1.646922243765610028e-01
4.938973012583494082e+00 3.795776932022938865e+00 1.270245753755630536e-01
5.059950862109833025e+00 3.661525732930644317e+00 1.233777847836250996e-02
5.183892007859642881e+00 3.542652275080242941e+00 -3.542971905201933169e-02
5.310869034397310173e+00 3.428100475587624985e+00 -7.207657694170824247e-02
5.440956304212402728e+00 3.318220172665601986e+00 -9.553374097882053051e-02
5.574230001269127044e+00 3.195137210320366350e+00 -1.946569335106966558e-01
5.710768175622502163e+00 3.087504224720123869e+00 -2.267977603914298479e-01
5.850650789127386453e+00 2.984259012852628956e+00 -2.472998392969674719e-01
5.993959762267121683e+00 2.885752914207288633e+00 -2.532966600494149234e-01
6.140779022129239095e+00 2.772198275914528498e+00 -3.448634425951452864e-01
6.291194551556287706e+00 2.676014224111619821e+00 -3.594359825715540691e-01
6.445294439500599104e+00 2.584333391912625455e+00 -3.611366326722895148e-01
6.603168932612474507e+00 2.481036773857719258e+00 -4.305934429964621835e-01
6.764910488091986807e+00 2.392207380319163690e+00 -4.375873822677767144e-01
6.930613827835373719e+00 2.307723636302545067e+00 -4.326933883266713687e-01
7.100375993907719341e+00 2.213269459443465426e+00 -4.869137386340752216e-01
7.274296405374408359e+00 2.131925538611668447e+00 -4.855648208607301619e-01
7.452476916524648942e+00 2.054827612109603407e+00 -4.729445314241256249e-01
7.635021876521146389e+00 1.968332781679510646e+00 -5.166158559864477695e-01
7.822038190510868461e+00 1.894531624280844984e+00 -5.069318602906184301e-01
8.013635382232697779e+00 1.815692551529494159e+00 -5.325322110792760633e-01
8.209925658158617523e+00 1.745758026660211959e+00 -5.232383677707266312e-01
8.411023973206024351e+00 1.679449961149232173e+00 -5.057313307568991334e-01
8.617048098059600036e+00 1.607370010024923079e+00 -5.271295501639854386e-01
8.828118688142248871e+00 1.544820464282662398e+00 -5.106970650813797974e-01
9.044359354275405494e+00 1.478637541723037074e+00 -5.219612855659132578e-01
9.265896735070146661e+00 1.419936232828044487e+00 -5.055860952278021792e-01
9.492860571091503274e+00 1.364429069349385015e+00 -4.828884724754007318e-01
9.725383780839374381e+00 1.304070173811850530e+00 -4.934225090448067785e-01
9.963602538590562219e+00 1.251970034135132526e+00 -4.719242730397789076e-01
1.020765635414752204e+01 1.196509341559033768e+00 -4.763149522126247093e-01
1.045768815454050937e+01 1.147769717387902677e+00 -4.555959633826871524e-01
1.071384436773099225e+01 1.096561641479615323e+00 -4.557858704889494184e-01
1.097627500836532555e+01 1.051067249601933762e+00 -4.358109932766349170e-01
1.124513376562894074e+01 1.003746444025721107e+00 -4.330734876346180595e-01
1.152057809325246929e+01 9.588855861887386478e-01 -4.258779474855831082e-01
1.180276930172252570e+01 9.175048631769709973e-01 -4.091631358083594461e-01
1.209187265275116019e+01 8.759858839090346461e-01 -4.009392851087962839e-01
1.238805745605928443e+01 8.375271612539000321e-01 -3.847469200798095956e-01
1.269149716853077337e+01 7.991050935234361718e-01 -3.759399872155477218e-01
1.300236949579528911e+01 7.624897338611379416e-01 -3.656523388542237685e-01
1.332085649629934210e+01 7.281342904368134361e-01 -3.512362581626781166e-01
1.364714468792650948e+01 6.944303994495303334e-01 -3.409743393995721128e-01
1.398142515722928358e+01 6.628841918608388006e-01 -3.272467527112171704e-01
1.432389367133648683e+01 6.320538995808679950e-01 -3.170844713683629301e-01
1.467475079260182191e+01 6.027114643221033186e-01 -3.064973865044776646e-01
1.503420199606067520e+01 5.747786043439581105e-01 -2.957156929042889515e-01
1.540245778976395385e+01 5.483924191549942595e-01 -2.839106863557493421e-01
1.577973383805949936e+01 5.229693524723456610e-01 -2.734855864856051144e-01
1.616625108789315846e+01 4.987450943010223181e-01 -2.630983601541103667e-01
1.656223589820357844e+01 4.756541763593696293e-01 -2.528719789235118198e-01
1.696792017248644413e+01 4.536440123507063382e-01 -2.424425421917889012e-01
1.738354149460584352e+01 4.325045468880300281e-01 -2.327323545265874150e-01
1.780934326793224542e+01 4.122554282661481939e-01 -2.233048783118488645e-01
1.824557485788859879e+01 3.928053857727595854e-01 -2.141799658751815660e-01
1.869249173798804975e+01 3.740895163012530888e-01 -2.054068848768081657e-01
1.915035563944876174e+01 3.560436021796423711e-01 -1.970109799369643422e-01
1.961943470447350535e+01 3.386194035243055289e-01 -1.890276844615815521e-01
2.010000364328373834e+01 3.217498540103155280e-01 -1.813969027616053609e-01
2.059234389500017315e+01 3.054143514899140821e-01 -1.741334906351270362e-01
2.109674379246404641e+01 2.896123756153711759e-01 -1.672510928510956840e-01
2.161349873109558928e+01 2.743105242159823431e-01 -1.606309049464947902e-01
2.214291134188862742e+01 2.595459858205947379e-01 -1.542837539540848901e-01
2.268529166864259494e+01 2.453588221849031525e-01 -1.481887468864986623e-01
2.324095734953575487e+01 2.317757163228690021e-01 -1.422737164837103718e-01
2.381023380314599081e+01 2.188555340968260932e-01 -1.365395988275229233e-01
2.439345441902807465e+01 2.066403878129721150e-01 -1.309737050825823534e-01
2.499096075295904740e+01 1.951534071602948617e-01 -1.255695031978483200e-01
2.560310272696603917e+01 1.843715799599913718e-01 -1.202664403494663053e-01
2.623023883425367231e+01 1.742676277146751052e-01 -1.150695590510335264e-01
2.687273634915108289e+01 1.648043767882820254e-01 -1.100258431642468782e-01
2.753097154220147402e+01 1.558873205695634756e-01 -1.050988302031707761e-01
2.820532990052021560e+01 1.474510438062493489e-01 -1.003579449935630002e-01
2.889620635355047540e+01 1.394239272765854243e-01 -9.587468649936113640e-02
2.960400550434868450e+01 1.316995846478638543e-01 -9.161854167724653442e-02
3.032914186653516353e+01 1.242115594223726638e-01 -8.761223933353437521e-02
3.107204010704881370e+01 1.169149031787113102e-01 -8.385413542088930583e-02
3.183313529484791005e+01 1.097983517828289152e-01 -8.032939258192796361e-02
3.261287315570276490e+01 1.028784062716545239e-01 -7.698608236450509013e-02
3.341171033322936523e+01 9.621409358442013782e-02 -7.379664684999764912e-02
3.423011465631690697e+01 8.989098379452738208e-02 -7.075331492481146123e-02
3.506856541310593656e+01 8.395926198116028527e-02 -6.776744610449111916e-02
3.592755363167733407e+01 7.847222389089250627e-02 -6.481822873122414230e-02
3.680758236761670332e+01 7.345542941075414167e-02 -6.191804983904425352e-02
3.770916699862253552e+01 6.886319328738615964e-02 -5.902292393079133781e-02
3.863283552633061646e+01 6.463833033867145972e-02 -5.617151878441323937e-02
3.957912888553151731e+01 6.069870514106724679e-02 -5.341743462913910862e-02
4.054860126096220796e+01 5.695073549705931965e-02 -5.080849431798115101e-02
4.154182041185734420e+01 5.331530148768436755e-02 -4.838659104242342551e-02
4.255936800445029178e+01 4.973750675202003035e-02 -4.616641837778715646e-02
4.360183995261856893e+01 4.620691774942457808e-02 -4.414420662251978406e-02
4.466984676687329880e+01 4.275983898166923342e-02 -4.229554511704275432e-02
4.576401391189696710e+01 3.948360202434399863e-02 -4.064622139880599838e-02
4.688498217283887470e+01 3.642851653437718246e-02 -3.915377126418692622e-02
4.803340803058289765e+01 3.357715058582623480e-02 -3.767965142770282605e-02
4.920996404620717612e+01 3.093726517686929550e-02 -3.621178624825521081e-02
5.041533925486103129e+01 2.850591557156252273e-02 -3.477699953481756118e-02
5.165023956928966697e+01 2.623765336245556870e-02 -3.335572213657816282e-02
5.291538819324303944e+01 2.409122823321402374e-02 -3.194893524375397309e-02
5.421152604501101280e+01 2.204817474846864842e-02 -3.057712820196064468e-02
5.553941219133274387e+01 2.011648046292881589e-02 -2.926642020534253250e-02
5.689982429193455005e+01 1.830224759060427100e-02 -2.799104934792625080e-02
5.829355905495648216e+01 1.662072344340270388e-02 -2.673148238259974788e-02
5.972143270353436151e+01 1.509176421756740390e-02 -2.548835944672047521e-02
6.118428145381054151e+01 1.370874223194954410e-02 -2.422741978452968778e-02
6.268296200465331935e+01 1.246019702616540589e-02 -2.294332157175598894e-02
6.421835203937179415e+01 1.133661342556021613e-02 -2.166483600805312049e-02
6.579135073971995951e+01 1.031940442303543558e-02 -2.041559121733133725e-02
6.740287931249122266e+01 9.376720857122744154e-03 -1.920183743734515253e-02
6.905388152901136323e+01 8.486075031897776996e-03 -1.803222124298146239e-02
7.074532427784644995e+01 7.657529961781110207e-03 -1.694719002025847632e-02
7.247819813104867137e+01 6.880587650145626212e-03 -1.592059817510045605e-02
7.425351792427257180e+01 6.159309853739216439e-03 -1.495448458979339694e-02
7.607232335110057875e+01 5.499785148798155311e-03 -1.406183020606282738e-02
7.793567957192642837e+01 4.888292372987041237e-03 -1.321268143668931534e-02
7.984467783775286875e+01 4.327440599139532364e-03 -1.238807660986437909e-02
8.180043612926901631e+01 3.854161650525480751e-03 -1.159540791559697179e-02
8.380409981158160804e+01 3.513909182026037862e-03 -1.083746321951716690e-02
8.585684230498360137e+01 3.338783688540224517e-03 -1.013096318386448765e-02
8.795986577215289515e+01 3.346267466854519878e-03 -9.518532303785805226e-03
9.011440182218370865e+01 3.536519954883523068e-03 -9.022461086393745305e-03
9.232171223186290376e+01 3.908696685494722316e-03 -8.649660718895526429e-03
9.458308968461355448e+01 4.410887435467950382e-03 -8.360053686705538889e-03
9.689985852753865458e+01 4.916758236501853931e-03 -8.103407247889271581e-03
9.927337554700828548e+01 5.233184982775055012e-03 -7.788610385927293225e-03
1.017050307632443236e+02 5.230250349282455045e-03 -7.376198934027846862e-03
1.041962482443682774e+02 4.907214880839342458e-03 -6.895123431866051998e-03
1.067484869403887018e+02 4.328826040386531820e-03 -6.395151509640118262e-03
1.093632415376169007e+02 3.561442726270356088e-03 -5.929722467654961748e-03
1.120420433340109554e+02 2.694795398583758710e-03 -5.550184522716553742e-03
1.147864611359611047e+02 1.841619148240582638e-03 -5.257106428294766078e-03
1.175981021770412980e+02 1.095207649832041210e-03 -5.024823913223725250e-03
1.204786130592652427e+02 4.753704376190663345e-04 -4.829496372541034442e-03
1.234296807173980142e+02 -3.948921275437493653e-05 -4.655959722924576417e-03
1.264530334068881388e+02 -4.392754493225099559e-04 -4.487314346012535524e-03
1.295504417159984314e+02 -7.167884606788409900e-04 -4.297007210272740449e-03
1.327237196027286927e+02 -8.979023548685446075e-04 -4.081013906240492026e-03
1.359747254571372537e+02 -1.010949483840601834e-03 -3.840290936177580446e-03
1.393053631896836180e+02 -1.070943534643859114e-03 -3.624722578673092877e-03
1.427175833462295031e+02 -1.123284125488033594e-03 -3.406906903287060945e-03
1.462133842503513677e+02 -1.130431865969186867e-03 -3.223121131140682313e-03
1.497948131736333721e+02 -1.127151629630725660e-03 -3.016407044906624889e-03
1.534639675346260219e+02 -1.087612842133773910e-03 -2.816418730876920837e-03
1.572229961271729337e+02 -1.054754368287194339e-03 -2.626635670145175457e-03
1.610741003788246246e+02 -1.018420347027595161e-03 -2.445915701540298404e-03
1.650195356400768105e+02 -9.669889318565041839e-04 -2.266982076172938468e-03
1.690616125051878385e+02 -9.237012880784367273e-04 -2.111506268557693852e-03
1.732026981653490623e+02 -8.843742545850800680e-04 -1.912478810063545113e-03
1.774452177950003602e+02 -7.649151322416805144e-04 -1.728298350182186490e-03
1.817916559721028875e+02 -7.219654126424076331e-04 -1.582054910068025119e-03
1.862445581332007407e+02 -6.937797401970944265e-04 -1.473984133049406143e-03
1.908065320641236724e+02 -6.395097899193583502e-04 -1.354492020504680094e-03
1.954802494272038871e+02 -5.974831852839721912e-04 -1.235698516111238300e-03
2.002684473259012634e+02 -5.507924859757040497e-04 -1.135336653237042828e-03
2.051739299077534611e+02 -5.155758423304214466e-04 -1.041376543134734994e-03
2.101995700065893118e+02 -4.816254857793562591e-04 -9.511804452844174491e-04
2.153483108249677684e+02 -4.457648289924126084e-04 -8.744930938525763767e-04
2.206231676578271674e+02 -4.179783697876803504e-04 -8.078160504173652074e-04
2.260272296583547984e+02 -3.776514060610055732e-04 -7.376010810170204046e-04
2.315636616471095408e+02 -3.580050940237973186e-04 -6.801982368869717577e-04
2.372357059654603120e+02 -3.307432183113842572e-04 -6.278598693059177574e-04
2.430466843744214032e+02 -3.065520750255668970e-04 -5.692779961663969619e-04
2.490000000000000000e+02 -2.761392880300560845e-04 -5.117166743518688924e-04
