   0.100000E-03   0.271583E+03
   0.102020E-03   0.276845E+03
   0.104081E-03   0.282209E+03
   0.106184E-03   0.287677E+03
   0.108329E-03   0.293251E+03
   0.110517E-03   0.298932E+03
   0.112750E-03   0.304723E+03
   0.115027E-03   0.310627E+03
   0.117351E-03   0.316644E+03
   0.119722E-03   0.322778E+03
   0.122140E-03   0.329031E+03
   0.124608E-03   0.335404E+03
   0.127125E-03   0.341901E+03
   0.129693E-03   0.348523E+03
   0.132313E-03   0.355274E+03
   0.134986E-03   0.362155E+03
   0.137713E-03   0.369169E+03
   0.140495E-03   0.376318E+03
   0.143333E-03   0.383606E+03
   0.146228E-03   0.391034E+03
   0.149182E-03   0.398607E+03
   0.152196E-03   0.406325E+03
   0.155271E-03   0.414192E+03
   0.158407E-03   0.422212E+03
   0.161607E-03   0.430386E+03
   0.164872E-03   0.438718E+03
   0.168203E-03   0.447211E+03
   0.171601E-03   0.455868E+03
   0.175067E-03   0.464692E+03
   0.178604E-03   0.473686E+03
   0.182212E-03   0.482853E+03
   0.185893E-03   0.492198E+03
   0.189648E-03   0.501723E+03
   0.193479E-03   0.511431E+03
   0.197388E-03   0.521326E+03
   0.201375E-03   0.531412E+03
   0.205443E-03   0.541693E+03
   0.209594E-03   0.552171E+03
   0.213828E-03   0.562851E+03
   0.218147E-03   0.573737E+03
   0.222554E-03   0.584833E+03
   0.227050E-03   0.596141E+03
   0.231637E-03   0.607668E+03
   0.236316E-03   0.619416E+03
   0.241090E-03   0.631389E+03
   0.245960E-03   0.643593E+03
   0.250929E-03   0.656032E+03
   0.255998E-03   0.668709E+03
   0.261170E-03   0.681629E+03
   0.266446E-03   0.694798E+03
   0.271828E-03   0.708219E+03
   0.277319E-03   0.721897E+03
   0.282922E-03   0.735837E+03
   0.288637E-03   0.750045E+03
   0.294468E-03   0.764524E+03
   0.300417E-03   0.779281E+03
   0.306485E-03   0.794320E+03
   0.312677E-03   0.809646E+03
   0.318993E-03   0.825266E+03
   0.325437E-03   0.841183E+03
   0.332012E-03   0.857405E+03
   0.338719E-03   0.873936E+03
   0.345561E-03   0.890782E+03
   0.352542E-03   0.907949E+03
   0.359664E-03   0.925442E+03
   0.366930E-03   0.943269E+03
   0.374342E-03   0.961435E+03
   0.381904E-03   0.979945E+03
   0.389619E-03   0.998808E+03
   0.397490E-03   0.101803E+04
   0.405520E-03   0.103761E+04
   0.413712E-03   0.105757E+04
   0.422070E-03   0.107790E+04
   0.430596E-03   0.109862E+04
   0.439295E-03   0.111973E+04
   0.448169E-03   0.114123E+04
   0.457222E-03   0.116315E+04
   0.466459E-03   0.118547E+04
   0.475882E-03   0.120822E+04
   0.485496E-03   0.123139E+04
   0.495303E-03   0.125500E+04
   0.505309E-03   0.127905E+04
   0.515517E-03   0.130355E+04
   0.525931E-03   0.132851E+04
   0.536556E-03   0.135394E+04
   0.547395E-03   0.137984E+04
   0.558453E-03   0.140622E+04
   0.569734E-03   0.143310E+04
   0.581244E-03   0.146048E+04
   0.592986E-03   0.148836E+04
   0.604965E-03   0.151676E+04
   0.617186E-03   0.154568E+04
   0.629654E-03   0.157514E+04
   0.642374E-03   0.160515E+04
   0.655350E-03   0.163570E+04
   0.668589E-03   0.166682E+04
   0.682096E-03   0.169851E+04
   0.695875E-03   0.173078E+04
   0.709933E-03   0.176365E+04
   0.724274E-03   0.179711E+04
   0.738906E-03   0.183118E+04
   0.753832E-03   0.186587E+04
   0.769061E-03   0.190119E+04
   0.784597E-03   0.193716E+04
   0.800447E-03   0.197377E+04
   0.816617E-03   0.201104E+04
   0.833114E-03   0.204898E+04
   0.849944E-03   0.208761E+04
   0.867114E-03   0.212693E+04
   0.884631E-03   0.216695E+04
   0.902501E-03   0.220769E+04
   0.920733E-03   0.224915E+04
   0.939333E-03   0.229134E+04
   0.958309E-03   0.233428E+04
   0.977668E-03   0.237799E+04
   0.997418E-03   0.242246E+04
   0.101757E-02   0.246771E+04
   0.103812E-02   0.251375E+04
   0.105910E-02   0.256060E+04
   0.108049E-02   0.260827E+04
   0.110232E-02   0.265676E+04
   0.112459E-02   0.270608E+04
   0.114730E-02   0.275626E+04
   0.117048E-02   0.280730E+04
   0.119413E-02   0.285922E+04
   0.121825E-02   0.291202E+04
   0.124286E-02   0.296571E+04
   0.126797E-02   0.302032E+04
   0.129358E-02   0.307584E+04
   0.131971E-02   0.313229E+04
   0.134637E-02   0.318969E+04
   0.137357E-02   0.324805E+04
   0.140132E-02   0.330737E+04
   0.142963E-02   0.336767E+04
   0.145851E-02   0.342896E+04
   0.148797E-02   0.349124E+04
   0.151803E-02   0.355454E+04
   0.154870E-02   0.361887E+04
   0.157998E-02   0.368422E+04
   0.161190E-02   0.375062E+04
   0.164446E-02   0.381808E+04
   0.167768E-02   0.388660E+04
   0.171158E-02   0.395620E+04
   0.174615E-02   0.402688E+04
   0.178143E-02   0.409866E+04
   0.181741E-02   0.417154E+04
   0.185413E-02   0.424554E+04
   0.189158E-02   0.432066E+04
   0.192980E-02   0.439692E+04
   0.196878E-02   0.447432E+04
   0.200855E-02   0.455286E+04
   0.204913E-02   0.463257E+04
   0.209052E-02   0.471344E+04
   0.213276E-02   0.479548E+04
   0.217584E-02   0.487869E+04
   0.221979E-02   0.496310E+04
   0.226464E-02   0.504869E+04
   0.231039E-02   0.513548E+04
   0.235706E-02   0.522347E+04
   0.240467E-02   0.531266E+04
   0.245325E-02   0.540306E+04
   0.250281E-02   0.549467E+04
   0.255337E-02   0.558750E+04
   0.260495E-02   0.568154E+04
   0.265758E-02   0.577679E+04
   0.271126E-02   0.587326E+04
   0.276603E-02   0.597095E+04
   0.282191E-02   0.606985E+04
   0.287892E-02   0.616997E+04
   0.293708E-02   0.627129E+04
   0.299641E-02   0.637382E+04
   0.305694E-02   0.647755E+04
   0.311870E-02   0.658248E+04
   0.318170E-02   0.668859E+04
   0.324597E-02   0.679588E+04
   0.331155E-02   0.690435E+04
   0.337844E-02   0.701398E+04
   0.344669E-02   0.712476E+04
   0.351632E-02   0.723668E+04
   0.358735E-02   0.734972E+04
   0.365982E-02   0.746388E+04
   0.373376E-02   0.757912E+04
   0.380918E-02   0.769545E+04
   0.388613E-02   0.781283E+04
   0.396464E-02   0.793124E+04
   0.404473E-02   0.805068E+04
   0.412644E-02   0.817110E+04
   0.420980E-02   0.829249E+04
   0.429484E-02   0.841482E+04
   0.438160E-02   0.853807E+04
   0.447012E-02   0.866219E+04
   0.456042E-02   0.878717E+04
   0.465255E-02   0.891296E+04
   0.474653E-02   0.903953E+04
   0.484242E-02   0.916685E+04
   0.494024E-02   0.929487E+04
   0.504004E-02   0.942356E+04
   0.514186E-02   0.955286E+04
   0.524573E-02   0.968274E+04
   0.535170E-02   0.981315E+04
   0.545981E-02   0.994403E+04
   0.557011E-02   0.100753E+05
   0.568263E-02   0.102070E+05
   0.579743E-02   0.103390E+05
   0.591455E-02   0.104713E+05
   0.603403E-02   0.106037E+05
   0.615592E-02   0.107363E+05
   0.628028E-02   0.108689E+05
   0.640715E-02   0.110015E+05
   0.653658E-02   0.111341E+05
   0.666863E-02   0.112664E+05
   0.680335E-02   0.113986E+05
   0.694078E-02   0.115304E+05
   0.708100E-02   0.116619E+05
   0.722404E-02   0.117929E+05
   0.736998E-02   0.119233E+05
   0.751886E-02   0.120530E+05
   0.767075E-02   0.121820E+05
   0.782571E-02   0.123101E+05
   0.798380E-02   0.124373E+05
   0.814509E-02   0.125634E+05
   0.830963E-02   0.126884E+05
   0.847750E-02   0.128121E+05
   0.864875E-02   0.129343E+05
   0.882347E-02   0.130551E+05
   0.900171E-02   0.131743E+05
   0.918356E-02   0.132917E+05
   0.936908E-02   0.134073E+05
   0.955835E-02   0.135208E+05
   0.975144E-02   0.136322E+05
   0.994843E-02   0.137414E+05
   0.101494E-01   0.138481E+05
   0.103544E-01   0.139523E+05
   0.105636E-01   0.140538E+05
   0.107770E-01   0.141525E+05
   0.109947E-01   0.142482E+05
   0.112168E-01   0.143407E+05
   0.114434E-01   0.144300E+05
   0.116746E-01   0.145158E+05
   0.119104E-01   0.145980E+05
   0.121510E-01   0.146764E+05
   0.123965E-01   0.147509E+05
   0.126469E-01   0.148213E+05
   0.129024E-01   0.148875E+05
   0.131631E-01   0.149492E+05
   0.134290E-01   0.150064E+05
   0.137003E-01   0.150587E+05
   0.139770E-01   0.151062E+05
   0.142594E-01   0.151486E+05
   0.145474E-01   0.151857E+05
   0.148413E-01   0.152174E+05
   0.151411E-01   0.152435E+05
   0.154470E-01   0.152638E+05
   0.157590E-01   0.152783E+05
   0.160774E-01   0.152867E+05
   0.164022E-01   0.152890E+05
   0.167335E-01   0.152848E+05
   0.170716E-01   0.152742E+05
   0.174164E-01   0.152571E+05
   0.177683E-01   0.152331E+05
   0.181272E-01   0.152024E+05
   0.184934E-01   0.151647E+05
   0.188670E-01   0.151200E+05
   0.192481E-01   0.150682E+05
   0.196370E-01   0.150092E+05
   0.200337E-01   0.149429E+05
   0.204384E-01   0.148695E+05
   0.208513E-01   0.147887E+05
   0.212725E-01   0.147007E+05
   0.217022E-01   0.146053E+05
   0.221406E-01   0.145028E+05
   0.225879E-01   0.143931E+05
   0.230442E-01   0.142763E+05
   0.235097E-01   0.141525E+05
   0.239847E-01   0.140218E+05
   0.244692E-01   0.138844E+05
   0.249635E-01   0.137405E+05
   0.254678E-01   0.135903E+05
   0.259823E-01   0.134339E+05
   0.265072E-01   0.132718E+05
   0.270426E-01   0.131040E+05
   0.275889E-01   0.129311E+05
   0.281463E-01   0.127532E+05
   0.287149E-01   0.125709E+05
   0.292949E-01   0.123843E+05
   0.298867E-01   0.121941E+05
   0.304905E-01   0.120006E+05
   0.311064E-01   0.118043E+05
   0.317348E-01   0.116057E+05
   0.323759E-01   0.114053E+05
   0.330299E-01   0.112036E+05
   0.336972E-01   0.110011E+05
   0.343779E-01   0.107984E+05
   0.350724E-01   0.105961E+05
   0.357809E-01   0.103945E+05
   0.365038E-01   0.101943E+05
   0.372412E-01   0.999610E+04
   0.379935E-01   0.980055E+04
   0.387610E-01   0.960816E+04
   0.395440E-01   0.941942E+04
   0.403429E-01   0.923467E+04
   0.411579E-01   0.905418E+04
   0.419893E-01   0.887820E+04
   0.428375E-01   0.870694E+04
   0.437029E-01   0.854066E+04
   0.445858E-01   0.837985E+04
   0.454865E-01   0.822509E+04
   0.464053E-01   0.807690E+04
   0.473428E-01   0.793577E+04
   0.482992E-01   0.780190E+04
   0.492749E-01   0.767473E+04
   0.502703E-01   0.755357E+04
   0.512858E-01   0.743778E+04
   0.523219E-01   0.732678E+04
   0.533789E-01   0.722021E+04
   0.544572E-01   0.711780E+04
   0.555573E-01   0.701931E+04
   0.566796E-01   0.692446E+04
   0.578246E-01   0.683244E+04
   0.589927E-01   0.674221E+04
   0.601845E-01   0.665277E+04
   0.614003E-01   0.656316E+04
   0.626407E-01   0.647243E+04
   0.639061E-01   0.637967E+04
   0.651971E-01   0.628404E+04
   0.665142E-01   0.618464E+04
   0.678578E-01   0.608059E+04
   0.692287E-01   0.597108E+04
   0.706272E-01   0.585551E+04
   0.720539E-01   0.573353E+04
   0.735095E-01   0.560489E+04
   0.749945E-01   0.546961E+04
   0.765095E-01   0.532805E+04
   0.780551E-01   0.518065E+04
   0.796319E-01   0.502816E+04
   0.812406E-01   0.487164E+04
   0.828817E-01   0.471217E+04
   0.845561E-01   0.455107E+04
   0.862642E-01   0.438973E+04
   0.880068E-01   0.422952E+04
   0.897847E-01   0.407206E+04
   0.915985E-01   0.391879E+04
   0.934489E-01   0.377135E+04
   0.953367E-01   0.363127E+04
   0.972626E-01   0.349985E+04
   0.992274E-01   0.337815E+04
   0.101232E+00   0.326706E+04
   0.103277E+00   0.316702E+04
   0.105363E+00   0.307777E+04
   0.107492E+00   0.299892E+04
   0.109663E+00   0.292945E+04
   0.111879E+00   0.286790E+04
   0.114139E+00   0.281276E+04
   0.116445E+00   0.276212E+04
   0.118797E+00   0.271411E+04
   0.121197E+00   0.266672E+04
   0.123645E+00   0.261799E+04
   0.126143E+00   0.256609E+04
   0.128691E+00   0.250938E+04
   0.131291E+00   0.244670E+04
   0.133943E+00   0.237742E+04
   0.136649E+00   0.230159E+04
   0.139409E+00   0.221995E+04
   0.142226E+00   0.213379E+04
   0.145099E+00   0.204484E+04
   0.148030E+00   0.195512E+04
   0.151020E+00   0.186679E+04
   0.154071E+00   0.178214E+04
   0.157184E+00   0.170326E+04
   0.160359E+00   0.163191E+04
   0.163598E+00   0.156920E+04
   0.166903E+00   0.151536E+04
   0.170275E+00   0.146972E+04
   0.173715E+00   0.143094E+04
   0.177224E+00   0.139722E+04
   0.180804E+00   0.136652E+04
   0.184457E+00   0.133674E+04
   0.188183E+00   0.130572E+04
   0.191985E+00   0.127161E+04
   0.195863E+00   0.123312E+04
   0.199820E+00   0.118996E+04
   0.203856E+00   0.114285E+04
   0.207974E+00   0.109331E+04
   0.212176E+00   0.104327E+04
   0.216462E+00   0.994733E+03
   0.220835E+00   0.949544E+03
   0.225296E+00   0.909058E+03
   0.229847E+00   0.873921E+03
   0.234490E+00   0.843970E+03
   0.239227E+00   0.818311E+03
   0.244060E+00   0.795481E+03
   0.248990E+00   0.773662E+03
   0.254020E+00   0.751056E+03
   0.259152E+00   0.726439E+03
   0.264387E+00   0.699513E+03
   0.269728E+00   0.670808E+03
   0.275177E+00   0.641336E+03
   0.280736E+00   0.612376E+03
   0.286407E+00   0.585262E+03
   0.292193E+00   0.560963E+03
   0.298096E+00   0.539679E+03
   0.304118E+00   0.520885E+03
   0.310261E+00   0.503658E+03
   0.316529E+00   0.486940E+03
   0.322923E+00   0.469776E+03
   0.329447E+00   0.451715E+03
   0.336102E+00   0.432987E+03
   0.342892E+00   0.414259E+03
   0.349819E+00   0.396293E+03
   0.356885E+00   0.379697E+03
   0.364095E+00   0.364676E+03
   0.371450E+00   0.350956E+03
   0.378954E+00   0.338015E+03
   0.386609E+00   0.325299E+03
   0.394419E+00   0.312431E+03
   0.402387E+00   0.299457E+03
   0.410516E+00   0.286725E+03
   0.418809E+00   0.274564E+03
   0.427269E+00   0.263223E+03
   0.435901E+00   0.252697E+03
   0.444706E+00   0.242707E+03
   0.453690E+00   0.233020E+03
   0.462855E+00   0.223460E+03
   0.472206E+00   0.214049E+03
   0.481745E+00   0.204980E+03
   0.491477E+00   0.196357E+03
   0.501405E+00   0.188227E+03
   0.511534E+00   0.180485E+03
   0.521868E+00   0.173008E+03
   0.532411E+00   0.165735E+03
   0.543166E+00   0.158685E+03
   0.554139E+00   0.151933E+03
   0.565333E+00   0.145496E+03
   0.576753E+00   0.139360E+03
   0.588404E+00   0.133455E+03
   0.600291E+00   0.127762E+03
   0.612418E+00   0.122273E+03
   0.624789E+00   0.117019E+03
   0.637411E+00   0.111989E+03
   0.650288E+00   0.107168E+03
   0.663424E+00   0.102547E+03
   0.676826E+00   0.981129E+02
   0.690499E+00   0.938579E+02
   0.704448E+00   0.897762E+02
   0.718679E+00   0.858624E+02
   0.733197E+00   0.821112E+02
   0.748009E+00   0.785170E+02
   0.763119E+00   0.750733E+02
   0.778536E+00   0.717738E+02
   0.794263E+00   0.686124E+02
   0.810308E+00   0.655837E+02
   0.826677E+00   0.626825E+02
   0.843378E+00   0.599038E+02
   0.860415E+00   0.572430E+02
   0.877797E+00   0.546953E+02
   0.895529E+00   0.522563E+02
   0.913620E+00   0.499216E+02
   0.932076E+00   0.476871E+02
   0.950906E+00   0.455486E+02
   0.970115E+00   0.435023E+02
   0.989713E+00   0.415442E+02
   0.100971E+01   0.396707E+02
   0.103010E+01   0.378783E+02
   0.105091E+01   0.361638E+02
   0.107214E+01   0.345239E+02
   0.109380E+01   0.329556E+02
   0.111590E+01   0.314560E+02
   0.113844E+01   0.300221E+02
   0.116144E+01   0.286514E+02
   0.118490E+01   0.273411E+02
   0.120884E+01   0.260888E+02
   0.123326E+01   0.248919E+02
   0.125817E+01   0.237480E+02
   0.128359E+01   0.226549E+02
   0.130952E+01   0.216104E+02
   0.133597E+01   0.206125E+02
   0.136296E+01   0.196591E+02
   0.139049E+01   0.187485E+02
   0.141858E+01   0.178787E+02
   0.144724E+01   0.170480E+02
   0.147648E+01   0.162547E+02
   0.150630E+01   0.154973E+02
   0.153673E+01   0.147740E+02
   0.156778E+01   0.140836E+02
   0.159945E+01   0.134244E+02
   0.163176E+01   0.127953E+02
   0.166472E+01   0.121947E+02
   0.169835E+01   0.116216E+02
   0.173266E+01   0.110747E+02
   0.176766E+01   0.105527E+02
   0.180337E+01   0.100547E+02
   0.183980E+01   0.957957E+01
   0.187697E+01   0.912631E+01
   0.191489E+01   0.869394E+01
   0.195357E+01   0.828154E+01
   0.199304E+01   0.788819E+01
   0.203330E+01   0.751305E+01
   0.207437E+01   0.715529E+01
   0.211628E+01   0.681415E+01
   0.215903E+01   0.648887E+01
   0.220265E+01   0.617874E+01
   0.224714E+01   0.588308E+01
   0.229254E+01   0.560123E+01
   0.233885E+01   0.533256E+01
   0.238610E+01   0.507649E+01
   0.243430E+01   0.483243E+01
   0.248348E+01   0.459983E+01
   0.253365E+01   0.437818E+01
   0.258483E+01   0.416698E+01
   0.263705E+01   0.396574E+01
   0.269032E+01   0.377401E+01
   0.274466E+01   0.359135E+01
   0.280011E+01   0.341735E+01
   0.285668E+01   0.325160E+01
   0.291439E+01   0.309372E+01
   0.297326E+01   0.294335E+01
   0.303332E+01   0.280014E+01
   0.309460E+01   0.266375E+01
   0.315712E+01   0.253388E+01
   0.322090E+01   0.241022E+01
   0.328596E+01   0.229247E+01
   0.335234E+01   0.218036E+01
   0.342006E+01   0.207363E+01
   0.348916E+01   0.197203E+01
   0.355964E+01   0.187531E+01
   0.363155E+01   0.178325E+01
   0.370491E+01   0.169562E+01
   0.377976E+01   0.161222E+01
   0.385611E+01   0.153285E+01
   0.393401E+01   0.145732E+01
   0.401348E+01   0.138544E+01
   0.409456E+01   0.131705E+01
   0.417727E+01   0.125197E+01
   0.426166E+01   0.119006E+01
   0.434775E+01   0.113115E+01
   0.443558E+01   0.107511E+01
   0.452519E+01   0.102181E+01
   0.461660E+01   0.971097E+00
   0.470987E+01   0.922864E+00
   0.480501E+01   0.876988E+00
   0.490208E+01   0.833356E+00
   0.500111E+01   0.791860E+00
   0.510214E+01   0.752398E+00
   0.520521E+01   0.714873E+00
   0.531036E+01   0.679190E+00
   0.541763E+01   0.645261E+00
   0.552708E+01   0.613001E+00
   0.563873E+01   0.582330E+00
   0.575264E+01   0.553171E+00
   0.586885E+01   0.525451E+00
   0.598741E+01   0.499099E+00
   0.610836E+01   0.474050E+00
   0.623176E+01   0.450240E+00
   0.635765E+01   0.427609E+00
   0.648609E+01   0.406100E+00
   0.661711E+01   0.385658E+00
   0.675079E+01   0.366230E+00
   0.688716E+01   0.347768E+00
   0.702629E+01   0.330224E+00
   0.716823E+01   0.313553E+00
   0.731304E+01   0.297712E+00
   0.746077E+01   0.282661E+00
   0.761149E+01   0.268362E+00
   0.776525E+01   0.254776E+00
   0.792212E+01   0.241869E+00
   0.808217E+01   0.229608E+00
   0.824543E+01   0.217960E+00
   0.841200E+01   0.206896E+00
   0.858193E+01   0.196387E+00
   0.875530E+01   0.186405E+00
   0.893217E+01   0.176924E+00
   0.911261E+01   0.167919E+00
   0.929670E+01   0.159367E+00
   0.948451E+01   0.151246E+00
   0.967610E+01   0.143534E+00
   0.987158E+01   0.136210E+00
   0.100710E+02   0.129256E+00
   0.102744E+02   0.122652E+00
   0.104820E+02   0.116382E+00
   0.106938E+02   0.110429E+00
   0.109098E+02   0.104777E+00
   0.111302E+02   0.994115E-01
   0.113550E+02   0.943174E-01
   0.115844E+02   0.894815E-01
   0.118184E+02   0.848909E-01
   0.120572E+02   0.805332E-01
   0.123007E+02   0.763968E-01
   0.125492E+02   0.724707E-01
   0.128027E+02   0.687442E-01
   0.130614E+02   0.652073E-01
   0.133252E+02   0.618504E-01
   0.135944E+02   0.586647E-01
   0.138691E+02   0.556413E-01
   0.141492E+02   0.527722E-01
   0.144351E+02   0.500495E-01
   0.147267E+02   0.474659E-01
   0.150242E+02   0.450143E-01
   0.153277E+02   0.426881E-01
   0.156373E+02   0.404810E-01
   0.159532E+02   0.383868E-01
   0.162755E+02   0.364000E-01
   0.166043E+02   0.345150E-01
   0.169397E+02   0.327267E-01
   0.172819E+02   0.310302E-01
   0.176310E+02   0.294208E-01
   0.179872E+02   0.278941E-01
   0.183505E+02   0.264459E-01
   0.187212E+02   0.250722E-01
   0.190994E+02   0.237692E-01
   0.194853E+02   0.225333E-01
   0.198789E+02   0.213611E-01
   0.202805E+02   0.202493E-01
   0.206902E+02   0.191949E-01
   0.211081E+02   0.181949E-01
   0.215346E+02   0.172465E-01
   0.219696E+02   0.163471E-01
   0.224134E+02   0.154943E-01
   0.228662E+02   0.146855E-01
   0.233281E+02   0.139186E-01
   0.237994E+02   0.131914E-01
   0.242802E+02   0.125019E-01
   0.247707E+02   0.118481E-01
   0.252710E+02   0.112282E-01
   0.257816E+02   0.106405E-01
   0.263024E+02   0.100833E-01
   0.268337E+02   0.955504E-02
   0.273758E+02   0.905422E-02
   0.279288E+02   0.857944E-02
   0.284930E+02   0.812935E-02
   0.290686E+02   0.770268E-02
   0.296558E+02   0.729823E-02
   0.302549E+02   0.691484E-02
   0.308661E+02   0.655144E-02
   0.314897E+02   0.620698E-02
   0.321258E+02   0.588048E-02
   0.327748E+02   0.557103E-02
   0.334369E+02   0.527773E-02
   0.341123E+02   0.499976E-02
   0.348014E+02   0.473631E-02
   0.355045E+02   0.448663E-02
   0.362217E+02   0.425001E-02
   0.369535E+02   0.402578E-02
   0.377000E+02   0.381329E-02
   0.384616E+02   0.361192E-02
   0.392386E+02   0.342111E-02
   0.400312E+02   0.324030E-02
   0.408399E+02   0.306897E-02
   0.416649E+02   0.290664E-02
   0.425066E+02   0.275282E-02
   0.433653E+02   0.260709E-02
   0.442413E+02   0.246901E-02
   0.451350E+02   0.233819E-02
   0.460469E+02   0.221424E-02
   0.469770E+02   0.209682E-02
   0.479261E+02   0.198558E-02
   0.488942E+02   0.188019E-02
   0.498820E+02   0.178035E-02
   0.508896E+02   0.168578E-02
   0.519177E+02   0.159619E-02
   0.529665E+02   0.151132E-02
   0.540365E+02   0.143093E-02
   0.551281E+02   0.135478E-02
   0.562417E+02   0.128265E-02
   0.573779E+02   0.121434E-02
   0.585370E+02   0.114963E-02
   0.597195E+02   0.108835E-02
   0.609260E+02   0.103030E-02
   0.621568E+02   0.975333E-03
   0.634124E+02   0.923273E-03
   0.646934E+02   0.873971E-03
   0.660003E+02   0.827282E-03
   0.673336E+02   0.783069E-03
   0.686938E+02   0.741202E-03
   0.700816E+02   0.701556E-03
   0.714973E+02   0.664013E-03
   0.729416E+02   0.628463E-03
   0.744151E+02   0.594799E-03
   0.759184E+02   0.562921E-03
   0.774521E+02   0.532735E-03
   0.790167E+02   0.504152E-03
   0.806129E+02   0.477086E-03
   0.822415E+02   0.451457E-03
   0.839028E+02   0.427190E-03
   0.855978E+02   0.404212E-03
   0.873269E+02   0.382456E-03
   0.890911E+02   0.361860E-03
   0.908908E+02   0.342364E-03
   0.927270E+02   0.323910E-03
   0.946001E+02   0.306444E-03
   0.965112E+02   0.289915E-03
   0.984608E+02   0.274273E-03
   0.100450E+03   0.259472E-03
   0.102479E+03   0.245469E-03
   0.104549E+03   0.232220E-03
