   0.100000E-03   0.169499E+03
   0.102020E-03   0.172784E+03
   0.104081E-03   0.176131E+03
   0.106184E-03   0.179544E+03
   0.108329E-03   0.183023E+03
   0.110517E-03   0.186568E+03
   0.112750E-03   0.190183E+03
   0.115027E-03   0.193868E+03
   0.117351E-03   0.197623E+03
   0.119722E-03   0.201452E+03
   0.122140E-03   0.205354E+03
   0.124608E-03   0.209332E+03
   0.127125E-03   0.213387E+03
   0.129693E-03   0.217521E+03
   0.132313E-03   0.221734E+03
   0.134986E-03   0.226029E+03
   0.137713E-03   0.230406E+03
   0.140495E-03   0.234869E+03
   0.143333E-03   0.239417E+03
   0.146228E-03   0.244054E+03
   0.149182E-03   0.248780E+03
   0.152196E-03   0.253598E+03
   0.155271E-03   0.258508E+03
   0.158407E-03   0.263514E+03
   0.161607E-03   0.268616E+03
   0.164872E-03   0.273816E+03
   0.168203E-03   0.279117E+03
   0.171601E-03   0.284521E+03
   0.175067E-03   0.290028E+03
   0.178604E-03   0.295642E+03
   0.182212E-03   0.301365E+03
   0.185893E-03   0.307197E+03
   0.189648E-03   0.313143E+03
   0.193479E-03   0.319202E+03
   0.197388E-03   0.325379E+03
   0.201375E-03   0.331675E+03
   0.205443E-03   0.338092E+03
   0.209594E-03   0.344632E+03
   0.213828E-03   0.351299E+03
   0.218147E-03   0.358094E+03
   0.222554E-03   0.365020E+03
   0.227050E-03   0.372079E+03
   0.231637E-03   0.379274E+03
   0.236316E-03   0.386608E+03
   0.241090E-03   0.394082E+03
   0.245960E-03   0.401700E+03
   0.250929E-03   0.409465E+03
   0.255998E-03   0.417378E+03
   0.261170E-03   0.425444E+03
   0.266446E-03   0.433664E+03
   0.271828E-03   0.442043E+03
   0.277319E-03   0.450581E+03
   0.282922E-03   0.459284E+03
   0.288637E-03   0.468154E+03
   0.294468E-03   0.477193E+03
   0.300417E-03   0.486405E+03
   0.306485E-03   0.495794E+03
   0.312677E-03   0.505362E+03
   0.318993E-03   0.515114E+03
   0.325437E-03   0.525051E+03
   0.332012E-03   0.535179E+03
   0.338719E-03   0.545499E+03
   0.345561E-03   0.556017E+03
   0.352542E-03   0.566735E+03
   0.359664E-03   0.577658E+03
   0.366930E-03   0.588788E+03
   0.374342E-03   0.600130E+03
   0.381904E-03   0.611688E+03
   0.389619E-03   0.623465E+03
   0.397490E-03   0.635466E+03
   0.405520E-03   0.647695E+03
   0.413712E-03   0.660155E+03
   0.422070E-03   0.672851E+03
   0.430596E-03   0.685788E+03
   0.439295E-03   0.698969E+03
   0.448169E-03   0.712399E+03
   0.457222E-03   0.726083E+03
   0.466459E-03   0.740024E+03
   0.475882E-03   0.754228E+03
   0.485496E-03   0.768700E+03
   0.495303E-03   0.783443E+03
   0.505309E-03   0.798463E+03
   0.515517E-03   0.813764E+03
   0.525931E-03   0.829353E+03
   0.536556E-03   0.845232E+03
   0.547395E-03   0.861409E+03
   0.558453E-03   0.877887E+03
   0.569734E-03   0.894672E+03
   0.581244E-03   0.911769E+03
   0.592986E-03   0.929184E+03
   0.604965E-03   0.946922E+03
   0.617186E-03   0.964989E+03
   0.629654E-03   0.983390E+03
   0.642374E-03   0.100213E+04
   0.655350E-03   0.102122E+04
   0.668589E-03   0.104065E+04
   0.682096E-03   0.106045E+04
   0.695875E-03   0.108061E+04
   0.709933E-03   0.110113E+04
   0.724274E-03   0.112203E+04
   0.738906E-03   0.114332E+04
   0.753832E-03   0.116499E+04
   0.769061E-03   0.118705E+04
   0.784597E-03   0.120951E+04
   0.800447E-03   0.123238E+04
   0.816617E-03   0.125567E+04
   0.833114E-03   0.127937E+04
   0.849944E-03   0.130350E+04
   0.867114E-03   0.132806E+04
   0.884631E-03   0.135306E+04
   0.902501E-03   0.137850E+04
   0.920733E-03   0.140440E+04
   0.939333E-03   0.143076E+04
   0.958309E-03   0.145758E+04
   0.977668E-03   0.148488E+04
   0.997418E-03   0.151266E+04
   0.101757E-02   0.154093E+04
   0.103812E-02   0.156969E+04
   0.105910E-02   0.159895E+04
   0.108049E-02   0.162872E+04
   0.110232E-02   0.165901E+04
   0.112459E-02   0.168982E+04
   0.114730E-02   0.172116E+04
   0.117048E-02   0.175304E+04
   0.119413E-02   0.178547E+04
   0.121825E-02   0.181845E+04
   0.124286E-02   0.185198E+04
   0.126797E-02   0.188609E+04
   0.129358E-02   0.192077E+04
   0.131971E-02   0.195603E+04
   0.134637E-02   0.199188E+04
   0.137357E-02   0.202833E+04
   0.140132E-02   0.206538E+04
   0.142963E-02   0.210304E+04
   0.145851E-02   0.214132E+04
   0.148797E-02   0.218022E+04
   0.151803E-02   0.221976E+04
   0.154870E-02   0.225994E+04
   0.157998E-02   0.230076E+04
   0.161190E-02   0.234223E+04
   0.164446E-02   0.238436E+04
   0.167768E-02   0.242716E+04
   0.171158E-02   0.247062E+04
   0.174615E-02   0.251477E+04
   0.178143E-02   0.255960E+04
   0.181741E-02   0.260512E+04
   0.185413E-02   0.265134E+04
   0.189158E-02   0.269826E+04
   0.192980E-02   0.274589E+04
   0.196878E-02   0.279423E+04
   0.200855E-02   0.284329E+04
   0.204913E-02   0.289307E+04
   0.209052E-02   0.294357E+04
   0.213276E-02   0.299481E+04
   0.217584E-02   0.304679E+04
   0.221979E-02   0.309950E+04
   0.226464E-02   0.315296E+04
   0.231039E-02   0.320717E+04
   0.235706E-02   0.326212E+04
   0.240467E-02   0.331782E+04
   0.245325E-02   0.337429E+04
   0.250281E-02   0.343150E+04
   0.255337E-02   0.348948E+04
   0.260495E-02   0.354821E+04
   0.265758E-02   0.360770E+04
   0.271126E-02   0.366795E+04
   0.276603E-02   0.372896E+04
   0.282191E-02   0.379073E+04
   0.287892E-02   0.385326E+04
   0.293708E-02   0.391654E+04
   0.299641E-02   0.398058E+04
   0.305694E-02   0.404536E+04
   0.311870E-02   0.411089E+04
   0.318170E-02   0.417717E+04
   0.324597E-02   0.424418E+04
   0.331155E-02   0.431192E+04
   0.337844E-02   0.438039E+04
   0.344669E-02   0.444958E+04
   0.351632E-02   0.451947E+04
   0.358735E-02   0.459007E+04
   0.365982E-02   0.466137E+04
   0.373376E-02   0.473335E+04
   0.380918E-02   0.480599E+04
   0.388613E-02   0.487930E+04
   0.396464E-02   0.495326E+04
   0.404473E-02   0.502785E+04
   0.412644E-02   0.510306E+04
   0.420980E-02   0.517888E+04
   0.429484E-02   0.525528E+04
   0.438160E-02   0.533225E+04
   0.447012E-02   0.540977E+04
   0.456042E-02   0.548782E+04
   0.465255E-02   0.556639E+04
   0.474653E-02   0.564544E+04
   0.484242E-02   0.572495E+04
   0.494024E-02   0.580491E+04
   0.504004E-02   0.588527E+04
   0.514186E-02   0.596603E+04
   0.524573E-02   0.604715E+04
   0.535170E-02   0.612859E+04
   0.545981E-02   0.621033E+04
   0.557011E-02   0.629234E+04
   0.568263E-02   0.637458E+04
   0.579743E-02   0.645701E+04
   0.591455E-02   0.653961E+04
   0.603403E-02   0.662232E+04
   0.615592E-02   0.670512E+04
   0.628028E-02   0.678795E+04
   0.640715E-02   0.687077E+04
   0.653658E-02   0.695355E+04
   0.666863E-02   0.703623E+04
   0.680335E-02   0.711877E+04
   0.694078E-02   0.720111E+04
   0.708100E-02   0.728321E+04
   0.722404E-02   0.736501E+04
   0.736998E-02   0.744645E+04
   0.751886E-02   0.752748E+04
   0.767075E-02   0.760803E+04
   0.782571E-02   0.768806E+04
   0.798380E-02   0.776748E+04
   0.814509E-02   0.784625E+04
   0.830963E-02   0.792428E+04
   0.847750E-02   0.800153E+04
   0.864875E-02   0.807790E+04
   0.882347E-02   0.815333E+04
   0.900171E-02   0.822776E+04
   0.918356E-02   0.830109E+04
   0.936908E-02   0.837325E+04
   0.955835E-02   0.844417E+04
   0.975144E-02   0.851375E+04
   0.994843E-02   0.858192E+04
   0.101494E-01   0.864858E+04
   0.103544E-01   0.871366E+04
   0.105636E-01   0.877705E+04
   0.107770E-01   0.883867E+04
   0.109947E-01   0.889843E+04
   0.112168E-01   0.895624E+04
   0.114434E-01   0.901198E+04
   0.116746E-01   0.906557E+04
   0.119104E-01   0.911691E+04
   0.121510E-01   0.916589E+04
   0.123965E-01   0.921243E+04
   0.126469E-01   0.925640E+04
   0.129024E-01   0.929772E+04
   0.131631E-01   0.933627E+04
   0.134290E-01   0.937196E+04
   0.137003E-01   0.940467E+04
   0.139770E-01   0.943431E+04
   0.142594E-01   0.946077E+04
   0.145474E-01   0.948395E+04
   0.148413E-01   0.950374E+04
   0.151411E-01   0.952004E+04
   0.154470E-01   0.953276E+04
   0.157590E-01   0.954180E+04
   0.160774E-01   0.954706E+04
   0.164022E-01   0.954845E+04
   0.167335E-01   0.954588E+04
   0.170716E-01   0.953926E+04
   0.174164E-01   0.952853E+04
   0.177683E-01   0.951359E+04
   0.181272E-01   0.949438E+04
   0.184934E-01   0.947085E+04
   0.188670E-01   0.944292E+04
   0.192481E-01   0.941056E+04
   0.196370E-01   0.937371E+04
   0.200337E-01   0.933235E+04
   0.204384E-01   0.928646E+04
   0.208513E-01   0.923602E+04
   0.212725E-01   0.918104E+04
   0.217022E-01   0.912151E+04
   0.221406E-01   0.905746E+04
   0.225879E-01   0.898894E+04
   0.230442E-01   0.891599E+04
   0.235097E-01   0.883868E+04
   0.239847E-01   0.875707E+04
   0.244692E-01   0.867126E+04
   0.249635E-01   0.858138E+04
   0.254678E-01   0.848756E+04
   0.259823E-01   0.838994E+04
   0.265072E-01   0.828865E+04
   0.270426E-01   0.818389E+04
   0.275889E-01   0.807587E+04
   0.281463E-01   0.796481E+04
   0.287149E-01   0.785092E+04
   0.292949E-01   0.773442E+04
   0.298867E-01   0.761559E+04
   0.304905E-01   0.749475E+04
   0.311064E-01   0.737217E+04
   0.317348E-01   0.724816E+04
   0.323759E-01   0.712299E+04
   0.330299E-01   0.699701E+04
   0.336972E-01   0.687056E+04
   0.343779E-01   0.674398E+04
   0.350724E-01   0.661759E+04
   0.357809E-01   0.649169E+04
   0.365038E-01   0.636666E+04
   0.372412E-01   0.624289E+04
   0.379935E-01   0.612077E+04
   0.387610E-01   0.600061E+04
   0.395440E-01   0.588274E+04
   0.403429E-01   0.576735E+04
   0.411579E-01   0.565463E+04
   0.419893E-01   0.554473E+04
   0.428375E-01   0.543777E+04
   0.437029E-01   0.533392E+04
   0.445858E-01   0.523349E+04
   0.454865E-01   0.513684E+04
   0.464053E-01   0.504429E+04
   0.473428E-01   0.495615E+04
   0.482992E-01   0.487255E+04
   0.492749E-01   0.479312E+04
   0.502703E-01   0.471745E+04
   0.512858E-01   0.464514E+04
   0.523219E-01   0.457582E+04
   0.533789E-01   0.450926E+04
   0.544572E-01   0.444530E+04
   0.555573E-01   0.438379E+04
   0.566796E-01   0.432455E+04
   0.578246E-01   0.426708E+04
   0.589927E-01   0.421073E+04
   0.601845E-01   0.415487E+04
   0.614003E-01   0.409891E+04
   0.626407E-01   0.404224E+04
   0.639061E-01   0.398431E+04
   0.651971E-01   0.392459E+04
   0.665142E-01   0.386251E+04
   0.678578E-01   0.379753E+04
   0.692287E-01   0.372913E+04
   0.706272E-01   0.365696E+04
   0.720539E-01   0.358078E+04
   0.735095E-01   0.350044E+04
   0.749945E-01   0.341595E+04
   0.765095E-01   0.332754E+04
   0.780551E-01   0.323548E+04
   0.796319E-01   0.314025E+04
   0.812406E-01   0.304250E+04
   0.828817E-01   0.294291E+04
   0.845561E-01   0.284230E+04
   0.862642E-01   0.274153E+04
   0.880068E-01   0.264148E+04
   0.897847E-01   0.254313E+04
   0.915985E-01   0.244741E+04
   0.934489E-01   0.235533E+04
   0.953367E-01   0.226785E+04
   0.972626E-01   0.218577E+04
   0.992274E-01   0.210977E+04
   0.101232E+00   0.204039E+04
   0.103277E+00   0.197791E+04
   0.105363E+00   0.192217E+04
   0.107492E+00   0.187293E+04
   0.109663E+00   0.182953E+04
   0.111879E+00   0.179110E+04
   0.114139E+00   0.175666E+04
   0.116445E+00   0.172504E+04
   0.118797E+00   0.169505E+04
   0.121197E+00   0.166545E+04
   0.123645E+00   0.163502E+04
   0.126143E+00   0.160261E+04
   0.128691E+00   0.156719E+04
   0.131291E+00   0.152804E+04
   0.133943E+00   0.148478E+04
   0.136649E+00   0.143742E+04
   0.139409E+00   0.138643E+04
   0.142226E+00   0.133262E+04
   0.145099E+00   0.127707E+04
   0.148030E+00   0.122104E+04
   0.151020E+00   0.116588E+04
   0.154071E+00   0.111300E+04
   0.157184E+00   0.106374E+04
   0.160359E+00   0.101918E+04
   0.163598E+00   0.980020E+03
   0.166903E+00   0.946394E+03
   0.170275E+00   0.917885E+03
   0.173715E+00   0.893670E+03
   0.177224E+00   0.872607E+03
   0.180804E+00   0.853439E+03
   0.184457E+00   0.834838E+03
   0.188183E+00   0.815466E+03
   0.191985E+00   0.794161E+03
   0.195863E+00   0.770124E+03
   0.199820E+00   0.743166E+03
   0.203856E+00   0.713749E+03
   0.207974E+00   0.682811E+03
   0.212176E+00   0.651555E+03
   0.216462E+00   0.621244E+03
   0.220835E+00   0.593021E+03
   0.225296E+00   0.567737E+03
   0.229847E+00   0.545793E+03
   0.234490E+00   0.527087E+03
   0.239227E+00   0.511062E+03
   0.244060E+00   0.496804E+03
   0.248990E+00   0.483177E+03
   0.254020E+00   0.469059E+03
   0.259152E+00   0.453685E+03
   0.264387E+00   0.436869E+03
   0.269728E+00   0.418941E+03
   0.275177E+00   0.400536E+03
   0.280736E+00   0.382449E+03
   0.286407E+00   0.365515E+03
   0.292193E+00   0.350340E+03
   0.298096E+00   0.337048E+03
   0.304118E+00   0.325310E+03
   0.310261E+00   0.314551E+03
   0.316529E+00   0.304110E+03
   0.322923E+00   0.293391E+03
   0.329447E+00   0.282111E+03
   0.336102E+00   0.270415E+03
   0.342892E+00   0.258718E+03
   0.349819E+00   0.247498E+03
   0.356885E+00   0.237133E+03
   0.364095E+00   0.227752E+03
   0.371450E+00   0.219184E+03
   0.378954E+00   0.211101E+03
   0.386609E+00   0.203160E+03
   0.394419E+00   0.195124E+03
   0.402387E+00   0.187021E+03
   0.410516E+00   0.179069E+03
   0.418809E+00   0.171474E+03
   0.427269E+00   0.164392E+03
   0.435901E+00   0.157818E+03
   0.444706E+00   0.151579E+03
   0.453690E+00   0.145529E+03
   0.462855E+00   0.139558E+03
   0.472206E+00   0.133680E+03
   0.481745E+00   0.128017E+03
   0.491477E+00   0.122631E+03
   0.501405E+00   0.117554E+03
   0.511534E+00   0.112719E+03
   0.521868E+00   0.108049E+03
   0.532411E+00   0.103507E+03
   0.543166E+00   0.991040E+02
   0.554139E+00   0.948874E+02
   0.565333E+00   0.908672E+02
   0.576753E+00   0.870348E+02
   0.588404E+00   0.833472E+02
   0.600291E+00   0.797915E+02
   0.612418E+00   0.763634E+02
   0.624789E+00   0.730824E+02
   0.637411E+00   0.699405E+02
   0.650288E+00   0.669301E+02
   0.663424E+00   0.640438E+02
   0.676826E+00   0.612747E+02
   0.690499E+00   0.586174E+02
   0.704448E+00   0.560682E+02
   0.718679E+00   0.536239E+02
   0.733197E+00   0.512812E+02
   0.748009E+00   0.490365E+02
   0.763119E+00   0.468857E+02
   0.778536E+00   0.448251E+02
   0.794263E+00   0.428507E+02
   0.810308E+00   0.409592E+02
   0.826677E+00   0.391473E+02
   0.843378E+00   0.374119E+02
   0.860415E+00   0.357501E+02
   0.877797E+00   0.341590E+02
   0.895529E+00   0.326358E+02
   0.913620E+00   0.311777E+02
   0.932076E+00   0.297822E+02
   0.950906E+00   0.284466E+02
   0.970115E+00   0.271686E+02
   0.989713E+00   0.259457E+02
   0.100971E+01   0.247756E+02
   0.103010E+01   0.236563E+02
   0.105091E+01   0.225855E+02
   0.107214E+01   0.215613E+02
   0.109380E+01   0.205819E+02
   0.111590E+01   0.196453E+02
   0.113844E+01   0.187498E+02
   0.116144E+01   0.178937E+02
   0.118490E+01   0.170754E+02
   0.120884E+01   0.162933E+02
   0.123326E+01   0.155458E+02
   0.125817E+01   0.148314E+02
   0.128359E+01   0.141487E+02
   0.130952E+01   0.134964E+02
   0.133597E+01   0.128732E+02
   0.136296E+01   0.122778E+02
   0.139049E+01   0.117090E+02
   0.141858E+01   0.111658E+02
   0.144724E+01   0.106470E+02
   0.147648E+01   0.101516E+02
   0.150630E+01   0.967855E+01
   0.153673E+01   0.922687E+01
   0.156778E+01   0.879565E+01
   0.159945E+01   0.838400E+01
   0.163176E+01   0.799106E+01
   0.166472E+01   0.761602E+01
   0.169835E+01   0.725808E+01
   0.173266E+01   0.691649E+01
   0.176766E+01   0.659052E+01
   0.180337E+01   0.627950E+01
   0.183980E+01   0.598276E+01
   0.187697E+01   0.569968E+01
   0.191489E+01   0.542965E+01
   0.195357E+01   0.517209E+01
   0.199304E+01   0.492643E+01
   0.203330E+01   0.469214E+01
   0.207437E+01   0.446872E+01
   0.211628E+01   0.425566E+01
   0.215903E+01   0.405252E+01
   0.220265E+01   0.385883E+01
   0.224714E+01   0.367418E+01
   0.229254E+01   0.349815E+01
   0.233885E+01   0.333036E+01
   0.238610E+01   0.317043E+01
   0.243430E+01   0.301801E+01
   0.248348E+01   0.287275E+01
   0.253365E+01   0.273432E+01
   0.258483E+01   0.260242E+01
   0.263705E+01   0.247674E+01
   0.269032E+01   0.235700E+01
   0.274466E+01   0.224292E+01
   0.280011E+01   0.213425E+01
   0.285668E+01   0.203073E+01
   0.291439E+01   0.193213E+01
   0.297326E+01   0.183822E+01
   0.303332E+01   0.174878E+01
   0.309460E+01   0.166360E+01
   0.315712E+01   0.158249E+01
   0.322090E+01   0.150526E+01
   0.328596E+01   0.143172E+01
   0.335234E+01   0.136171E+01
   0.342006E+01   0.129505E+01
   0.348916E+01   0.123160E+01
   0.355964E+01   0.117119E+01
   0.363155E+01   0.111370E+01
   0.370491E+01   0.105897E+01
   0.377976E+01   0.100689E+01
   0.385611E+01   0.957317E+00
   0.393401E+01   0.910144E+00
   0.401348E+01   0.865255E+00
   0.409456E+01   0.822541E+00
   0.417727E+01   0.781899E+00
   0.426166E+01   0.743230E+00
   0.434775E+01   0.706442E+00
   0.443558E+01   0.671444E+00
   0.452519E+01   0.638151E+00
   0.461660E+01   0.606482E+00
   0.470987E+01   0.576359E+00
   0.480501E+01   0.547708E+00
   0.490208E+01   0.520458E+00
   0.500111E+01   0.494543E+00
   0.510214E+01   0.469898E+00
   0.520521E+01   0.446461E+00
   0.531036E+01   0.424176E+00
   0.541763E+01   0.402987E+00
   0.552708E+01   0.382839E+00
   0.563873E+01   0.363684E+00
   0.575264E+01   0.345473E+00
   0.586885E+01   0.328161E+00
   0.598741E+01   0.311704E+00
   0.610836E+01   0.296060E+00
   0.623176E+01   0.281190E+00
   0.635765E+01   0.267056E+00
   0.648609E+01   0.253623E+00
   0.661711E+01   0.240856E+00
   0.675079E+01   0.228723E+00
   0.688716E+01   0.217192E+00
   0.702629E+01   0.206236E+00
   0.716823E+01   0.195824E+00
   0.731304E+01   0.185931E+00
   0.746077E+01   0.176531E+00
   0.761149E+01   0.167601E+00
   0.776525E+01   0.159116E+00
   0.792212E+01   0.151055E+00
   0.808217E+01   0.143398E+00
   0.824543E+01   0.136123E+00
   0.841200E+01   0.129213E+00
   0.858193E+01   0.122650E+00
   0.875530E+01   0.116416E+00
   0.893217E+01   0.110495E+00
   0.911261E+01   0.104871E+00
   0.929670E+01   0.995301E-01
   0.948451E+01   0.944581E-01
   0.967610E+01   0.896414E-01
   0.987158E+01   0.850675E-01
   0.100710E+02   0.807243E-01
   0.102744E+02   0.766002E-01
   0.104820E+02   0.726845E-01
   0.106938E+02   0.689667E-01
   0.109098E+02   0.654369E-01
   0.111302E+02   0.620857E-01
   0.113550E+02   0.589043E-01
   0.115844E+02   0.558841E-01
   0.118184E+02   0.530171E-01
   0.120572E+02   0.502956E-01
   0.123007E+02   0.477123E-01
   0.125492E+02   0.452603E-01
   0.128027E+02   0.429329E-01
   0.130614E+02   0.407240E-01
   0.133252E+02   0.386276E-01
   0.135944E+02   0.366380E-01
   0.138691E+02   0.347498E-01
   0.141492E+02   0.329579E-01
   0.144351E+02   0.312575E-01
   0.147267E+02   0.296439E-01
   0.150242E+02   0.281129E-01
   0.153277E+02   0.266601E-01
   0.156373E+02   0.252817E-01
   0.159532E+02   0.239738E-01
   0.162755E+02   0.227329E-01
   0.166043E+02   0.215557E-01
   0.169397E+02   0.204388E-01
   0.172819E+02   0.193793E-01
   0.176310E+02   0.183742E-01
   0.179872E+02   0.174207E-01
   0.183505E+02   0.165163E-01
   0.187212E+02   0.156583E-01
   0.190994E+02   0.148446E-01
   0.194853E+02   0.140727E-01
   0.198789E+02   0.133406E-01
   0.202805E+02   0.126463E-01
   0.206902E+02   0.119878E-01
   0.211081E+02   0.113632E-01
   0.215346E+02   0.107710E-01
   0.219696E+02   0.102093E-01
   0.224134E+02   0.967664E-02
   0.228662E+02   0.917155E-02
   0.233281E+02   0.869259E-02
   0.237994E+02   0.823844E-02
   0.242802E+02   0.780781E-02
   0.247707E+02   0.739950E-02
   0.252710E+02   0.701237E-02
   0.257816E+02   0.664532E-02
   0.263024E+02   0.629733E-02
   0.268337E+02   0.596740E-02
   0.273758E+02   0.565463E-02
   0.279288E+02   0.535811E-02
   0.284930E+02   0.507701E-02
   0.290686E+02   0.481055E-02
   0.296558E+02   0.455795E-02
   0.302549E+02   0.431851E-02
   0.308661E+02   0.409156E-02
   0.314897E+02   0.387643E-02
   0.321258E+02   0.367252E-02
   0.327748E+02   0.347926E-02
   0.334369E+02   0.329609E-02
   0.341123E+02   0.312248E-02
   0.348014E+02   0.295795E-02
   0.355045E+02   0.280202E-02
   0.362217E+02   0.265424E-02
   0.369535E+02   0.251420E-02
   0.377000E+02   0.238149E-02
   0.384616E+02   0.225574E-02
   0.392386E+02   0.213657E-02
   0.400312E+02   0.202365E-02
   0.408399E+02   0.191665E-02
   0.416649E+02   0.181526E-02
   0.425066E+02   0.171920E-02
   0.433653E+02   0.162819E-02
   0.442413E+02   0.154195E-02
   0.451350E+02   0.146025E-02
   0.460469E+02   0.138284E-02
   0.469770E+02   0.130951E-02
   0.479261E+02   0.124003E-02
   0.488942E+02   0.117422E-02
   0.498820E+02   0.111187E-02
   0.508896E+02   0.105280E-02
   0.519177E+02   0.996849E-03
   0.529665E+02   0.943847E-03
   0.540365E+02   0.893641E-03
   0.551281E+02   0.846084E-03
   0.562417E+02   0.801039E-03
   0.573779E+02   0.758373E-03
   0.585370E+02   0.717962E-03
   0.597195E+02   0.679688E-03
   0.609260E+02   0.643438E-03
   0.621568E+02   0.609108E-03
   0.634124E+02   0.576595E-03
   0.646934E+02   0.545805E-03
   0.660003E+02   0.516646E-03
   0.673336E+02   0.489034E-03
   0.686938E+02   0.462887E-03
   0.700816E+02   0.438127E-03
   0.714973E+02   0.414681E-03
   0.729416E+02   0.392479E-03
   0.744151E+02   0.371454E-03
   0.759184E+02   0.351546E-03
   0.774521E+02   0.332694E-03
   0.790167E+02   0.314843E-03
   0.806129E+02   0.297940E-03
   0.822415E+02   0.281934E-03
   0.839028E+02   0.266779E-03
   0.855978E+02   0.252428E-03
   0.873269E+02   0.238842E-03
   0.890911E+02   0.225979E-03
   0.908908E+02   0.213803E-03
   0.927270E+02   0.202278E-03
   0.946001E+02   0.191370E-03
   0.965112E+02   0.181047E-03
   0.984608E+02   0.171279E-03
   0.100450E+03   0.162036E-03
   0.102479E+03   0.153290E-03
   0.104549E+03   0.145016E-03
