2.513264099999999897e-03 3.309302759468500153e+04 4.273763798454413336e+04 2.290169034861143518e+04 2.186851438681489890e+04
5.026528100000000193e-03 2.914313091345140128e+04 3.763248691459913243e+04 1.942022855237733165e+04 1.795335309932093151e+04
7.539792200000000090e-03 5.351702560823209933e+04 6.855239626333293563e+04 2.918812967954542910e+04 -1.940912970229606799e+04
1.005305629999999999e-02 5.165435494288369955e+04 6.588293720770986693e+04 3.386029638875490491e+04 3.679922110856646759e+04
1.256632029999999942e-02 6.803747613431639911e+04 8.689351741375443817e+04 3.962694966226576798e+04 8.355381635693200224e+03
1.507958440000000018e-02 5.580873975769399840e+04 7.112117152466009429e+04 3.012643063495696333e+04 -1.396390790584316710e+04
1.759284850000000094e-02 6.511178217592569854e+04 8.288343321704650589e+04 3.842459965982566791e+04 1.599171752575696701e+04
2.010611259999999997e-02 6.772592343227109814e+04 8.619896491003523988e+04 4.122434257190463541e+04 2.771935475540533662e+04
2.261937660000000114e-02 6.116144578664150322e+04 7.749128752599791915e+04 3.365471167822129792e+04 -1.450954128516566698e+03
2.513264070000000017e-02 5.532785531068599812e+04 7.015953465328201128e+04 3.245087224497556235e+04 1.721653598389703257e+04
2.764590479999999920e-02 5.242755385451809707e+04 6.649359608523292991e+04 2.914958727445573095e+04 2.805896318572233213e+03
3.015916880000000036e-02 4.876267626455730351e+04 6.198099020076766465e+04 2.708098509377963273e+04 -3.778464241438100089e+03
3.267243289999999939e-02 4.646138494702259777e+04 5.889959522550716065e+04 2.660556756125179891e+04 8.166604292824099502e+03
3.518569700000000189e-02 4.277580049210540164e+04 5.417444156179656420e+04 2.378740020378766349e+04 1.998600671174999661e+03
3.769896100000000305e-02 3.963681145519550046e+04 5.012395027917333209e+04 2.177873116504976861e+04 1.214614065151733257e+03
4.021222509999999861e-02 3.948425011565760360e+04 4.980604771336766862e+04 2.115642290038382998e+04 -3.400824852111133168e+03
4.272548920000000111e-02 3.649148247529390210e+04 4.613203308954020031e+04 1.980506279658583298e+04 -1.796471655770399821e+03
4.523875329999999667e-02 3.440746121501839662e+04 4.332731895623746823e+04 1.844216999843690064e+04 -8.174793385344668195e+02
4.775201729999999783e-02 3.197641262755600110e+04 4.035771837837644125e+04 1.741337425229883229e+04 6.364287337830000979e+02
5.026528140000000033e-02 3.054868134700119845e+04 3.843615363728380180e+04 1.650373905917859884e+04 1.768477539715099965e+03
5.277854550000000283e-02 2.947041190907149939e+04 3.707392565811896930e+04 1.551896450468393414e+04 -2.498617143094832954e+03
5.529180949999999706e-02 2.890470152041110123e+04 3.634321128031633270e+04 1.548959548833903136e+04 -2.120275561249000020e+02
5.780507359999999956e-02 2.773711647189289943e+04 3.480491087226689706e+04 1.498443042455559953e+04 4.480652362774632820e+03
6.031833770000000206e-02 2.787012411233309831e+04 3.483410985078996600e+04 1.458923550640940084e+04 1.986338171469166582e+03
6.283160170000000322e-02 2.555018555187819948e+04 3.187429973921583223e+04 1.319178042333230223e+04 5.965340452335667578e+02
6.534486579999999878e-02 2.516504676695770104e+04 3.141270248462639938e+04 1.273646459879736904e+04 -6.596206933278999713e+02
6.785812989999999434e-02 2.495207764212420079e+04 3.106380653959126721e+04 1.262888572756083340e+04 5.913052056424667171e+02
7.037139400000000378e-02 2.399084609347130026e+04 2.978684698595113514e+04 1.171591638077206699e+04 -2.141383619396233371e+03
7.288465800000000494e-02 2.370433132747820127e+04 2.943841110250803467e+04 1.175205227747103345e+04 -3.023502377970000339e+02
7.539792210000000050e-02 2.263600792133199866e+04 2.808266073783120009e+04 1.141599057058516519e+04 1.971626269453266787e+03
7.791118619999999606e-02 2.149958642014550060e+04 2.656574592043539815e+04 1.056328102677010065e+04 6.843692904340001348e+01
8.042445019999999722e-02 2.106557326580820154e+04 2.603476553171763589e+04 1.044790214992506662e+04 8.008046155864999491e+02
8.293771430000000666e-02 1.955481628643169824e+04 2.422529124158670311e+04 9.800360518498166130e+03 4.822046813042333611e+02
8.545097840000000222e-02 1.860957808115729858e+04 2.303550360702379839e+04 9.230986017061599341e+03 6.398157837275333577e+02
8.796424240000000339e-02 1.807903354489590129e+04 2.246537012406613212e+04 9.455040072688132568e+03 2.932817959581800096e+03
9.047750649999999895e-02 1.693943924542999957e+04 2.106872972282373303e+04 8.611960028153833264e+03 -6.531584619266667460e+02
9.299077059999999451e-02 1.621591153104789919e+04 2.013289205359983316e+04 8.323958798515066519e+03 1.755612231725366655e+03
9.550403470000000394e-02 1.535420629375009958e+04 1.900828639365519848e+04 7.605416508603965667e+03 3.776876318012334082e+02
9.801729870000000511e-02 1.480004564118750022e+04 1.843288554689740340e+04 7.718088602959633135e+03 1.123643752766233320e+03
1.005305628000000007e-01 1.427827676940600031e+04 1.776416979139710020e+04 7.469045677944533054e+03 1.810875246476733309e+03
1.030438268999999962e-01 1.346262309691329938e+04 1.684060440771353387e+04 7.227234089231365942e+03 1.092780473692666646e+03
1.055570908999999974e-01 1.324251411696939977e+04 1.639766108271096527e+04 6.584140035039700706e+03 1.294697856484333158e+02
1.080703550000000068e-01 1.263995060681329960e+04 1.572701527303526564e+04 6.451697193214434265e+03 -4.389769469619998432e+01
1.105836191000000024e-01 1.250624181310019958e+04 1.548248012773290066e+04 6.309866296089399839e+03 1.029325361805966622e+03
1.130968831000000036e-01 1.226914543611720001e+04 1.515721238717390042e+04 6.194926627220734190e+03 -1.769154206811999757e+02
1.156101471999999991e-01 1.192134076471099979e+04 1.472840960289550094e+04 5.934840050375266401e+03 4.805138776755999857e+02
1.181234112999999947e-01 1.164179007990349965e+04 1.433730684323543392e+04 5.692793975224966744e+03 4.503093551628666660e+02
1.206366754000000041e-01 1.162436416030409964e+04 1.427766693395866605e+04 5.678156696967365860e+03 4.246627422992999641e+02
1.231499394000000053e-01 1.140190183163459915e+04 1.399074625082100101e+04 5.514380790147267362e+03 8.556703608618666976e+02
1.256632034999999870e-01 1.106983506488400053e+04 1.354849837225683405e+04 5.309193207976466510e+03 6.714818845125333837e+02
1.281764676000000103e-01 1.080252763398430034e+04 1.319313494279000042e+04 5.113050057613333593e+03 6.856589497635999351e+02
1.306897315999999976e-01 1.054363575887119987e+04 1.280019863701656686e+04 4.767619476358067004e+03 3.792345997446000183e+02
1.332029956999999931e-01 1.053443270461489919e+04 1.275883893518920195e+04 4.747026687896933254e+03 4.954826166510000007e+02
1.357162597999999887e-01 1.031122027733799951e+04 1.253109610133023489e+04 4.762840192180966369e+03 5.027495084448999592e+02
1.382295238000000037e-01 9.953762660297699767e+03 1.206891478626243224e+04 4.611135149086300771e+03 5.887452931343667615e+02
1.407427878999999993e-01 9.668145832051299294e+03 1.173005260383646782e+04 4.398146894218933994e+03 7.488706799414667330e+02
1.432560519999999948e-01 9.374532321489899914e+03 1.135629119731686660e+04 4.265766893720099688e+03 1.560362204800667030e+02
1.457693160000000099e-01 9.012488599084699672e+03 1.093170895847600150e+04 4.112064084553766406e+03 1.183017105553000050e+02
1.482825801000000054e-01 8.673572762092699122e+03 1.052172473536583311e+04 3.937940892589300347e+03 4.721511616527333786e+02
1.507958442000000010e-01 8.424871141332900152e+03 1.027331047121430129e+04 4.091738194827466941e+03 7.725068727293665916e+02
1.533091082999999966e-01 8.258753459174800810e+03 1.003780983009273223e+04 3.887644138129666771e+03 2.639740677915000333e+02
1.558223723000000116e-01 7.972024994210099976e+03 9.665692435671966450e+03 3.729822404317099881e+03 3.511216158772999734e+02
1.583356364000000072e-01 7.738302234244500141e+03 9.412932102116667011e+03 3.654256737935566434e+03 2.191206076767333286e+02
1.608489005000000027e-01 7.486525467704999755e+03 9.126933403714532687e+03 3.583103689169633526e+03 5.774384246294333707e+02
1.633621644999999900e-01 7.318008279888899779e+03 8.873537321992198486e+03 3.383977284463866454e+03 1.929176491336999959e+02
1.658754286000000133e-01 7.303810211812499801e+03 8.872561706552767646e+03 3.453962036235333926e+03 1.023707508981633396e+03
1.683886927000000089e-01 7.163519964293999692e+03 8.678523437130234015e+03 3.270867076992599777e+03 1.291773788705999948e+02
1.709019566999999962e-01 6.851726778626500163e+03 8.317127653711200765e+03 3.227340997821700057e+03 5.083543881662999411e+02
1.734152207999999917e-01 6.782868916787600028e+03 8.204200036921334686e+03 3.184219270875799793e+03 6.449219934007334132e+02
1.759284848999999873e-01 6.688926544276599998e+03 8.034968128225766122e+03 2.963591960090499924e+03 3.312867949490999990e+02
1.784417490000000106e-01 6.538160648707300425e+03 7.865792869792300735e+03 2.913421600369566931e+03 3.474514259340999729e+02
1.809550129999999979e-01 6.544228149277900229e+03 7.857827259193701138e+03 2.924393648699233381e+03 4.338239232185666765e+02
1.834682770999999935e-01 6.445886562249799681e+03 7.698390918599467113e+03 2.788731219137433527e+03 5.115811010794666913e+02
1.859815411999999890e-01 6.276082345642000291e+03 7.487206480296000336e+03 2.716051955468599772e+03 9.931681713146667789e+01
1.884948052000000041e-01 6.205469470325700058e+03 7.393351461508867033e+03 2.681206387521633587e+03 3.261265035667000234e+02
1.910080692999999996e-01 6.092548103763399922e+03 7.226445931165032562e+03 2.543411127182266682e+03 3.280903389670000365e+02
1.935213333999999952e-01 5.967439728754099633e+03 7.047257987329666321e+03 2.473417469465866816e+03 3.214872889187000169e+02
1.960345974000000102e-01 5.843888329708400306e+03 6.912947226196466545e+03 2.401291577990466521e+03 5.203444977623665864e+02
1.985478615000000058e-01 5.794126493735499935e+03 6.815903814605667321e+03 2.335277839990933444e+03 4.402150141817999724e+02
2.010611256000000013e-01 5.683893093612799930e+03 6.688295110091166862e+03 2.282421892650500467e+03 3.427981706896333094e+02
2.035743896999999969e-01 5.559456648061700434e+03 6.531426932661165665e+03 2.246716568332166844e+03 4.557141364773667078e+02
2.060876537000000119e-01 5.426914181848699627e+03 6.376315784149267529e+03 2.207311245906700151e+03 4.501914166774666342e+02
2.086009178000000075e-01 5.376953140578900275e+03 6.305104142556100669e+03 2.104650275191700075e+03 3.504380634819665943e+02
2.111141819000000031e-01 5.275889449228800004e+03 6.184698681396967004e+03 2.094238972282933446e+03 4.651066063323667095e+02
2.136274458999999903e-01 5.184563235470000109e+03 6.075572890771266430e+03 2.103815963641933195e+03 3.951881149389000711e+02
2.161407100000000137e-01 5.054675373043700347e+03 5.881427558099966518e+03 1.952866020087933066e+03 4.169874194289000116e+02
2.186539741000000092e-01 4.994150345263799863e+03 5.840998827092400461e+03 1.986491836569666702e+03 3.940946759981333685e+02
2.211672380999999965e-01 4.845492077634499765e+03 5.647188067426232919e+03 1.876529800830933027e+03 2.238995917499666746e+02
2.236805021999999921e-01 4.773995770351700230e+03 5.573697987196933354e+03 1.882854214674500099e+03 2.371209169351333514e+02
2.261937662999999876e-01 4.683654027071500423e+03 5.468958232551834044e+03 1.888142230684566812e+03 3.554679051356000059e+02
2.287070304000000109e-01 4.617837490075199639e+03 5.373846761028999936e+03 1.831917933611933449e+03 4.062933360751000578e+02
2.312202943999999982e-01 4.517298707369999647e+03 5.233547011943366670e+03 1.701528084911566793e+03 3.765367278971332894e+02
2.337335584999999938e-01 4.490489809289400000e+03 5.194973500578199491e+03 1.696136986662466597e+03 3.904571428806666518e+02
2.362468225999999893e-01 4.452498787556900425e+03 5.132675829490800425e+03 1.674512804261700012e+03 3.316690154756333300e+02
2.387600866000000044e-01 4.354153937857399796e+03 4.973878901178733031e+03 1.527915412429466642e+03 4.431532662688333062e+02
2.412733506999999999e-01 4.302832200518399986e+03 4.923233401907767075e+03 1.542713340125066679e+03 2.941144298424666772e+02
2.437866147999999955e-01 4.240494272021500365e+03 4.868112057746566279e+03 1.557965752221000002e+03 3.528130302707666601e+02
2.462998788000000105e-01 4.209238306824699976e+03 4.801178557677601020e+03 1.446427975183533135e+03 4.025903736494666987e+02
2.488131429000000061e-01 4.073864436074999958e+03 4.665253839495932880e+03 1.469092138087833519e+03 4.385802026775333502e+02
2.513264069999999739e-01 4.066184090868699968e+03 4.619062692682099623e+03 1.420600840283766729e+03 4.008005834194000272e+02
2.538396710999999972e-01 4.051959048304800035e+03 4.564134979980766730e+03 1.339344673257933437e+03 3.189009586742333227e+02
2.563529351000000123e-01 3.968927526547599882e+03 4.465132449506366356e+03 1.297602338358399948e+03 3.334325874502666807e+02
2.588661991999999801e-01 3.878138834096099799e+03 4.361127566669766566e+03 1.233693315293666501e+03 2.795309064104333174e+02
2.613794633000000034e-01 3.888644071829599852e+03 4.368266805932966236e+03 1.245932762428266642e+03 4.870313351443333545e+02
2.638927273000000184e-01 3.783180695708500025e+03 4.223567063180499645e+03 1.207034154174366677e+03 3.674265550662999544e+02
2.664059913999999862e-01 3.739742364488400199e+03 4.166696734656699846e+03 1.186330470200899981e+03 3.208517372338999962e+02
2.689192555000000096e-01 3.697810215380400223e+03 4.134851036919167200e+03 1.124133339773799889e+03 3.984213404410333510e+02
2.714325195000000246e-01 3.573221618210399811e+03 4.000002057471066564e+03 1.160997846469899969e+03 2.835719582408666497e+02
2.739457835999999924e-01 3.604280726824300018e+03 4.003515074106200245e+03 1.110499536519866524e+03 3.611416111349666949e+02
2.764590477000000157e-01 3.557011202651300209e+03 3.936016382971266921e+03 1.049650641495066566e+03 3.402408089273666860e+02
2.789723116999999752e-01 3.498984399689799830e+03 3.857912573167566734e+03 1.033839043260166591e+03 4.414557826406999652e+02
2.814855757999999986e-01 3.427412378456299848e+03 3.786914814634699724e+03 1.014254156491600043e+03 3.185909954101666699e+02
2.839988399000000219e-01 3.400645430486899841e+03 3.739134487281066413e+03 9.846740879886666562e+02 4.156297464840666294e+02
2.865121039999999897e-01 3.355776240206900184e+03 3.674963465227333018e+03 9.501531478673999800e+02 3.318196114032666628e+02
2.890253680000000047e-01 3.278834079517099781e+03 3.591383283435233807e+03 9.721785866482332494e+02 3.708420356492667338e+02
2.915386320999999725e-01 3.285495261600000049e+03 3.583115666905833223e+03 9.059068490539999630e+02 3.899279288070000007e+02
2.940518961999999958e-01 3.196867385270500108e+03 3.488675883191433513e+03 8.965359157335666396e+02 3.967751707136666823e+02
2.965651602000000109e-01 3.172681687852400046e+03 3.441623377315999733e+03 8.021797233739666808e+02 3.240542358069666875e+02
2.990784242999999787e-01 3.125645843058399805e+03 3.369654073289666485e+03 7.866891945297332995e+02 4.136452545461000341e+02
3.015916884000000020e-01 3.057795463542699963e+03 3.314784620920466750e+03 8.151894790175333583e+02 3.477160591667999938e+02
3.041049524000000170e-01 3.055129655611300223e+03 3.286057129214399993e+03 7.811376880218000451e+02 3.670660812241000599e+02
3.066182164999999848e-01 3.018781030568400183e+03 3.232757273322500168e+03 7.451537857784666130e+02 3.146967036573666974e+02
3.091314806000000082e-01 2.984618164299899945e+03 3.180143447249899964e+03 7.510327906571000085e+02 3.762161307150666403e+02
3.116447446999999760e-01 2.951483875027399790e+03 3.164326592640933086e+03 7.316248395502667563e+02 4.221293382218332795e+02
3.141580086999999910e-01 2.939475530927700220e+03 3.112186529102600161e+03 6.847146087732331807e+02 3.149049832525000170e+02
3.166712728000000143e-01 2.855619834501999776e+03 3.039458716229000402e+03 6.973445423989332994e+02 3.749346522461332825e+02
3.191845368999999821e-01 2.851978676145000009e+03 3.010494642185566136e+03 6.445937796061000427e+02 3.604201912089000075e+02
3.216978008999999972e-01 2.828963262249400032e+03 2.976738524171166773e+03 6.391375269055333774e+02 3.552654712568000264e+02
3.242110650000000205e-01 2.805366553053900134e+03 2.941567457515300248e+03 6.271438848349333739e+02 3.754938649331333522e+02
3.267243290999999883e-01 2.812090913441899829e+03 2.930994943774300282e+03 5.923255326193999508e+02 3.584402624147999745e+02
3.292375931000000033e-01 2.744960665611400145e+03 2.855987576105966582e+03 5.792675936074000447e+02 4.918623563711666975e+02
3.317508572000000266e-01 2.696811234113899900e+03 2.808242560308333395e+03 5.517411766034666698e+02 3.587950560355000107e+02
3.342641212999999945e-01 2.701511381651600004e+03 2.791255269538400171e+03 5.108634390276333193e+02 4.197490542523666477e+02
3.367773854000000178e-01 2.619453474667699993e+03 2.699513017671366470e+03 5.364989059705000045e+02 4.330441332672000385e+02
3.392906493999999773e-01 2.629520029091000197e+03 2.714394978348700079e+03 4.927540075827332657e+02 3.473883762479999859e+02
3.418039135000000006e-01 2.568208494824600166e+03 2.632266965786933270e+03 4.786797160118666739e+02 3.762441296126667112e+02
3.443171776000000239e-01 2.568546912608399907e+03 2.624433471349233514e+03 4.693111665613666901e+02 4.025760318681333843e+02
3.468304415999999835e-01 2.556476552881199950e+03 2.598893131723866645e+03 4.614861008722666611e+02 4.553764636496666753e+02
3.493437057000000068e-01 2.521150894053700085e+03 2.567266697514100088e+03 4.656160786475332429e+02 3.319796797871333638e+02
3.518569697999999746e-01 2.488871007427499990e+03 2.526168209033933181e+03 4.138715353833999870e+02 3.571756323519333023e+02
3.543702337999999896e-01 2.470621704286999829e+03 2.493013845574700099e+03 4.052660359770000014e+02 3.486332938561999981e+02
3.568834979000000129e-01 2.456114396712100188e+03 2.463011001555800249e+03 4.028331504862999850e+02 4.195161369798000237e+02
3.593967619999999807e-01 2.399232024614700094e+03 2.403635070092199840e+03 3.662573902980332718e+02 3.355313055328667247e+02
3.619100261000000041e-01 2.378365299779100042e+03 2.382324586514399925e+03 3.290660116456666628e+02 3.770881472267333265e+02
3.644232901000000191e-01 2.351725440167600027e+03 2.351546431744066467e+03 3.800658861403000515e+02 4.008405739683666980e+02
3.669365541999999869e-01 2.342186887527399904e+03 2.320646712049700000e+03 3.432006521499999963e+02 3.933389382841666588e+02
3.694498183000000102e-01 2.301113894189600160e+03 2.270869726169799833e+03 3.181045741071333168e+02 3.602352100766333365e+02
3.719630823000000253e-01 2.309654077373199925e+03 2.273717592134200004e+03 2.898375193276333448e+02 3.773030745949333209e+02
3.744763463999999931e-01 2.266744768229099918e+03 2.224510411420600121e+03 2.717494153717333916e+02 4.155639759190999598e+02
3.769896105000000164e-01 2.236784610371099916e+03 2.193956141910899987e+03 3.026667265929999644e+02 4.210015088160000118e+02
3.795028744999999759e-01 2.219941153622300135e+03 2.172720622949633707e+03 2.662885807485999976e+02 3.727013504794999790e+02
3.820161385999999992e-01 2.215217198560500037e+03 2.148585695440366635e+03 2.709624154576999899e+02 3.955984818326666641e+02
3.845294027000000225e-01 2.174918559650000134e+03 2.108447784757100180e+03 2.659622060985000189e+02 4.731424719884000183e+02
3.870426667999999903e-01 2.156584421215699876e+03 2.086458986719399945e+03 2.489137730973333476e+02 4.075946989135333638e+02
3.895559308000000054e-01 2.156605168109500028e+03 2.064805556488866841e+03 2.064610594608000156e+02 4.415846822833000260e+02
3.920691948999999732e-01 2.111378210317599951e+03 2.031940457149033364e+03 2.216663522851333425e+02 3.494622500180666975e+02
3.945824589999999965e-01 2.097122788035399935e+03 2.001590333036733455e+03 2.005002926198666557e+02 4.402264763330999813e+02
3.970957230000000115e-01 2.083071147252700030e+03 1.988809656072466851e+03 2.192353674623999780e+02 4.036633154571666751e+02
3.996089870999999794e-01 2.074106186080499810e+03 1.961036976447233201e+03 1.729989223070666640e+02 4.430218889275333822e+02
4.021222512000000027e-01 2.052330778350400124e+03 1.926770723329533212e+03 1.491203136151333410e+02 4.048860893030666830e+02
4.046355152000000177e-01 2.024077871683799913e+03 1.896791167306566649e+03 1.361129231874666630e+02 3.858906467007000174e+02
4.071487792999999855e-01 2.008907027557999982e+03 1.879411379523433425e+03 1.519194438196999783e+02 4.167074959123333429e+02
4.096620434000000088e-01 1.996605522599500091e+03 1.866226207755299811e+03 1.441084226424000008e+02 4.124943781180666633e+02
4.121753074000000239e-01 1.961924361345299985e+03 1.828219186757300122e+03 1.489013009571333157e+02 4.127804840045000105e+02
4.146885714999999917e-01 1.970404443563500081e+03 1.833589874080166737e+03 1.408061991155333317e+02 3.946893150891999653e+02
4.172018356000000150e-01 1.959358930695299932e+03 1.801867700728133286e+03 1.124578725211000005e+02 4.153875475118666714e+02
4.197150996999999828e-01 1.915971855700800006e+03 1.766815511313500110e+03 1.012621093783000106e+02 4.334007291180333254e+02
4.222283636999999978e-01 1.892158457530400028e+03 1.736148748061199740e+03 9.240410644216666469e+01 4.051453507418000299e+02
4.247416278000000212e-01 1.906417813870700002e+03 1.726074216828533508e+03 6.428184736319998649e+01 3.947039635057333271e+02
4.272548918999999890e-01 1.855350408123000079e+03 1.690594167714933292e+03 9.116744974953333269e+01 4.210002378491333275e+02
4.297681559000000040e-01 1.859485665935000043e+03 1.679086833817366823e+03 6.401481802109999819e+01 4.273839356726332994e+02
4.322814200000000273e-01 1.835966808372100104e+03 1.658773106183999744e+03 5.890634937836666296e+01 3.908614731152999866e+02
4.347946840999999951e-01 1.808641197001099954e+03 1.633871735132566755e+03 4.809474206026666820e+01 3.984049220992666847e+02
4.373079481000000102e-01 1.818374310710400096e+03 1.616843837471666802e+03 1.992373540260000198e+01 4.053335687260666873e+02
4.398212121999999780e-01 1.808970755858500070e+03 1.609582872127800101e+03 2.852934126513332913e+01 4.380440049106000515e+02
4.423344763000000013e-01 1.758263412260899941e+03 1.563292003873733165e+03 3.947149438279999600e+01 3.895037263616666792e+02
4.448477404000000246e-01 1.762194903407799984e+03 1.561906798605733456e+03 3.328837283576666550e+01 4.498473636003333809e+02
4.473610043999999841e-01 1.769354641242500065e+03 1.553486645471200063e+03 1.194022918999999838e+01 4.291030862334000062e+02
4.498742685000000074e-01 1.735718418375000056e+03 1.521805736603966579e+03 1.624381569773333212e+01 4.206121824246999950e+02
4.523875325999999752e-01 1.716295960229100046e+03 1.498736000830933335e+03 1.249953262266666520e+01 4.339215225636667128e+02
4.549007965999999903e-01 1.713908239526499983e+03 1.502155081141100027e+03 1.979171953100000492e+00 3.903970169448332967e+02
4.574140607000000136e-01 1.692595924230799938e+03 1.456172130241866626e+03 -3.237376999366667008e+00 4.270905625527333882e+02
4.599273247999999814e-01 1.671702735736600062e+03 1.452344512146500165e+03 1.034247843330000016e+01 4.015966103584000280e+02
4.624405887999999964e-01 1.655183969983799898e+03 1.424646390566100081e+03 -9.165713602933333704e+00 4.361610176339333407e+02
4.649538529000000198e-01 1.664535879853699953e+03 1.421943362726399982e+03 -2.344892135613332940e+01 3.812612142238999695e+02
4.674671169999999876e-01 1.647742342536000024e+03 1.387365059736166586e+03 -4.394628615339999556e+01 4.371042526741333063e+02
4.699803811000000109e-01 1.632001006567300010e+03 1.381149823532233313e+03 -4.967601661993332840e+01 4.053188395073666470e+02
4.724936451000000259e-01 1.608404854181399969e+03 1.356646248579899975e+03 -4.900030773910000192e+01 4.315752046329333211e+02
4.750069091999999937e-01 1.602607442829099909e+03 1.347602324857966551e+03 -7.191002614623333500e+01 4.320331753411999784e+02
4.775201733000000170e-01 1.602944447283000045e+03 1.341866559131133272e+03 -5.614660000570000165e+01 3.974682292217333384e+02
4.800334372999999766e-01 1.588113820789900046e+03 1.320332632825433393e+03 -5.656630523416666279e+01 4.386329176195999935e+02
4.825467013999999999e-01 1.573021635599299998e+03 1.301486531024933356e+03 -6.109182738663332657e+01 4.185637147607000657e+02
4.850599655000000232e-01 1.553774365586400108e+03 1.280818435388966691e+03 -6.505809726986666419e+01 4.432058752374333039e+02
4.875732294999999827e-01 1.547684708015699925e+03 1.274523639140433261e+03 -8.160859443403332136e+01 4.427065889550333395e+02
4.900864936000000061e-01 1.527434684591800078e+03 1.260483269662166776e+03 -6.086001022549999817e+01 3.787866051018333451e+02
4.925997576999999739e-01 1.516474819875000094e+03 1.244526426364433291e+03 -6.578960819923332792e+01 4.253116222732999745e+02
4.951130217999999972e-01 1.516548014239300073e+03 1.234440860020200034e+03 -8.838380195510001158e+01 4.256262142271666562e+02
4.976262858000000122e-01 1.501048802547599962e+03 1.213262718807299962e+03 -9.843120724933334031e+01 4.296465776260667440e+02
5.001395498999999800e-01 1.518806765987699919e+03 1.211373884224066614e+03 -1.254330013971000000e+02 4.406944261504333440e+02
5.026528139999999478e-01 1.465146416197200097e+03 1.178158275012533295e+03 -8.823499844890000077e+01 4.478287965345666635e+02
5.051660780000000184e-01 1.467465349779899952e+03 1.170841799637966687e+03 -1.014256738203666828e+02 4.452199519750666354e+02
5.076793420999999862e-01 1.469034793782700035e+03 1.165453617921766863e+03 -1.194086003354666587e+02 4.090265902712666843e+02
5.101926061999999540e-01 1.460582231682900101e+03 1.152497740837166702e+03 -1.134662475959000147e+02 4.092244618580332940e+02
5.127058702000000245e-01 1.448078708884800108e+03 1.142154317927799866e+03 -1.297414771463000136e+02 4.284456970274666787e+02
5.152191342999999923e-01 1.421165436261600007e+03 1.125175042518333385e+03 -1.381775524568333537e+02 4.216418976411333119e+02
5.177323983999999601e-01 1.418029511310099906e+03 1.111880701084100110e+03 -1.281431220101000008e+02 4.142125617069332861e+02
5.202456625000000390e-01 1.417334273702899964e+03 1.109195995507933503e+03 -1.213876211498999993e+02 4.159033761710999784e+02
5.227589264999999985e-01 1.407132884755699934e+03 1.089524633811766762e+03 -1.267110630370000166e+02 4.443020214391333411e+02
5.252721905999999663e-01 1.396780986420099907e+03 1.072525566788600145e+03 -1.448461377062000111e+02 4.098214495153999906e+02
5.277854547000000451e-01 1.384778146929699915e+03 1.065603049114600026e+03 -1.429603155360333346e+02 4.199702416633999746e+02
5.302987187000000047e-01 1.382984034072200075e+03 1.053982656798166545e+03 -1.412949998676666610e+02 4.215649482259000251e+02
5.328119827999999725e-01 1.353079476082499923e+03 1.035529184576833359e+03 -1.390785162503333083e+02 4.058372946578999745e+02
5.353252469000000513e-01 1.367583014305999995e+03 1.037354969509666489e+03 -1.463948349951333512e+02 4.567117440782333233e+02
5.378385109000000108e-01 1.347679811392300053e+03 1.025455668878766801e+03 -1.570590911137333308e+02 4.013263407919000088e+02
5.403517749999999786e-01 1.333445455091600024e+03 9.985889284338667267e+02 -1.543168621006333296e+02 4.272679173100000298e+02
5.428650390999999464e-01 1.345287473455799955e+03 9.956897809045334498e+02 -1.604311037625333256e+02 4.190022415367999997e+02
5.453783031000000170e-01 1.326623680834899915e+03 9.851676659070999449e+02 -1.358986470549666876e+02 4.341676271186999543e+02
5.478915671999999848e-01 1.332106035232600107e+03 9.789795263648666150e+02 -1.782475636998333357e+02 4.287000418790333356e+02
5.504048312999999526e-01 1.305474854483200033e+03 9.624338293054000815e+02 -1.632492855542666632e+02 4.235139383198999781e+02
5.529180954000000314e-01 1.293848961451200012e+03 9.507747628607667139e+02 -1.698238012273666584e+02 4.457581985349333422e+02
5.554313593999999910e-01 1.284843870057100048e+03 9.419945234560333347e+02 -1.707481588754666575e+02 4.029607008468999538e+02
5.579446234999999588e-01 1.271983731187900048e+03 9.304358322780666413e+02 -1.741199840657999687e+02 4.130899167597667088e+02
5.604578876000000376e-01 1.283824565515099948e+03 9.229749268186666313e+02 -1.793303917828666556e+02 4.257813545382666689e+02
5.629711515999999971e-01 1.255140979315199957e+03 9.079297319229332288e+02 -1.691035408937999875e+02 4.371337731075333863e+02
5.654844156999999649e-01 1.270997620275400095e+03 9.108357162859333584e+02 -1.898520500182666808e+02 4.260808276587666228e+02
5.679976798000000437e-01 1.247406464974199935e+03 8.992584087086332829e+02 -1.736144682013333238e+02 4.521254833345333282e+02
5.705109438000000033e-01 1.233980456998599948e+03 8.837187574395001093e+02 -1.903371496176666824e+02 4.443424946882666404e+02
5.730242078999999711e-01 1.233042806909500086e+03 8.666719441859332846e+02 -1.997514180895666414e+02 4.444812180400999750e+02
5.755374720000000499e-01 1.216943382105399905e+03 8.568192756933334522e+02 -1.861974463654999852e+02 4.181020677006999904e+02
5.780507361000000177e-01 1.210515492044899929e+03 8.517752744834666601e+02 -1.820057998062000024e+02 4.349910617231666947e+02
5.805640000999999772e-01 1.208372585203700055e+03 8.462745410472333560e+02 -1.738945763059000171e+02 4.414510548078999932e+02
5.830772641999999450e-01 1.207307231735999949e+03 8.386102811020665513e+02 -1.935284918900333366e+02 4.288171576455666241e+02
5.855905283000000239e-01 1.199751038051500018e+03 8.390675155342332801e+02 -1.938313316739666732e+02 4.300716240885333264e+02
5.881037922999999834e-01 1.170167950657199981e+03 8.157741389625666670e+02 -1.826655091045332995e+02 4.125124076175333698e+02
5.906170563999999512e-01 1.177675568934799912e+03 8.119615973892332477e+02 -1.920407222653999781e+02 4.437280398519666846e+02
5.931303205000000300e-01 1.182591995697999891e+03 8.115762887723334416e+02 -2.062407924751666712e+02 4.247841467518999821e+02
5.956435844999999896e-01 1.177024434168600010e+03 7.932770600809000143e+02 -1.980549032859666738e+02 4.120971256325999548e+02
5.981568485999999574e-01 1.164663284516499971e+03 7.945745114550333028e+02 -2.055044747675666486e+02 4.230041571643999418e+02
6.006701127000000362e-01 1.152892650932099968e+03 7.765481264352333710e+02 -2.017180393152000022e+02 4.335647760990333950e+02
6.031833768000000040e-01 1.140942309436300093e+03 7.673918701200333317e+02 -2.058658219584333438e+02 4.338244547019000379e+02
6.056966407999999635e-01 1.133561086751899893e+03 7.583246956548999833e+02 -2.015384786624000242e+02 3.975395788637000010e+02
6.082099049000000424e-01 1.145030659378400060e+03 7.545331313220000311e+02 -2.315894340923666732e+02 4.462330972275333352e+02
6.107231690000000102e-01 1.122678124221399912e+03 7.413880308509333190e+02 -2.116408592017999979e+02 4.235491750236333246e+02
6.132364329999999697e-01 1.128026260956200076e+03 7.392281738223333605e+02 -2.081274734733000003e+02 4.448474724829999900e+02
6.157496971000000485e-01 1.116136792193100064e+03 7.344348732885665640e+02 -2.072694129177000093e+02 4.325801743584333394e+02
6.182629612000000163e-01 1.119402397670100072e+03 7.283630930343333603e+02 -2.163578041043666644e+02 4.469293045908666500e+02
6.207762251999999759e-01 1.097628639383600103e+03 7.154094913489666396e+02 -1.947300110940999787e+02 4.269540375712333002e+02
6.232894893000000547e-01 1.092491394310299938e+03 7.052752608258000464e+02 -2.084920804339666631e+02 4.210497625428999982e+02
6.258027534000000225e-01 1.098022612099699927e+03 7.045320597892665546e+02 -2.240541568260333349e+02 4.343787805486667253e+02
6.283160174999999903e-01 1.075074488600499990e+03 6.888425807255666768e+02 -2.073090544357333727e+02 4.229772742213999663e+02
6.308292814999999498e-01 1.094882815024800038e+03 6.918980178554000986e+02 -2.299981131553333000e+02 4.384780962146666639e+02
6.333425456000000286e-01 1.082876327849500058e+03 6.825516186819667155e+02 -2.249615112402666739e+02 4.483098414563667120e+02
6.358558096999999965e-01 1.076432769641199911e+03 6.820416314619000104e+02 -2.229933808379666687e+02 4.454614254723333033e+02
6.383690736999999560e-01 1.072299937395400093e+03 6.725809538108666175e+02 -2.358474773311666866e+02 4.144426270172666591e+02
6.408823378000000348e-01 1.065222904907400107e+03 6.714014626311333132e+02 -2.271891369355333552e+02 4.268738247813666931e+02
6.433956019000000026e-01 1.054851625478100004e+03 6.576118937551999579e+02 -2.263189998362666699e+02 4.276149291078666579e+02
6.459088658999999621e-01 1.052803482225099970e+03 6.506363991025000360e+02 -2.329546882479666863e+02 4.349392237696000052e+02
6.484221300000000410e-01 1.040986042125399990e+03 6.384780716287665427e+02 -2.299955127303666416e+02 4.280224727315667224e+02
6.509353941000000088e-01 1.032699697405400002e+03 6.339325159359999589e+02 -2.131402561655333727e+02 4.504404894843999614e+02
6.534486581999999766e-01 1.033396125057699919e+03 6.378055410498999436e+02 -2.166680949391000013e+02 4.317871598370999777e+02
6.559619222000000471e-01 1.024127352544999894e+03 6.233160963972667332e+02 -2.345229877849333207e+02 4.449888233288333481e+02
6.584751863000000149e-01 1.026657598808500097e+03 6.233912658298332872e+02 -2.412223342281666874e+02 4.302754389634333165e+02
6.609884503999999827e-01 1.024941922520499929e+03 6.196529787782666290e+02 -2.213583016838333322e+02 4.249233752774333084e+02
6.635017144000000533e-01 1.019188297272699970e+03 6.136550647990333118e+02 -2.267300851597999838e+02 4.522351340424999648e+02
6.660149785000000211e-01 1.012600790772799996e+03 6.022112267091666808e+02 -2.376551551956666799e+02 4.260730549525333117e+02
6.685282425999999889e-01 1.007281983545499997e+03 5.968001491206333640e+02 -2.303346951761999719e+02 4.306307148013666506e+02
6.710415065999999484e-01 9.961086303050000197e+02 5.844276717136334582e+02 -2.259660274126666479e+02 4.274264329521666355e+02
6.735547707000000273e-01 9.844625328104999653e+02 5.776570577399332933e+02 -2.257790487859000166e+02 4.550033003565666263e+02
6.760680347999999951e-01 1.000656368570099971e+03 5.831471889230000443e+02 -2.450623171501666491e+02 4.440692226220000407e+02
6.785812988999999629e-01 9.867633690169000147e+02 5.821119765694666057e+02 -2.285082327190333444e+02 4.331557678212332689e+02
6.810945629000000334e-01 9.868323736492000080e+02 5.765496944276666227e+02 -2.346427438793000135e+02 4.388585475789332691e+02
6.836078270000000012e-01 9.868350192944000128e+02 5.692400860482999860e+02 -2.311710585881666873e+02 4.298720715992999999e+02
6.861210910999999690e-01 9.721494464278999885e+02 5.583674621861000560e+02 -2.249610857149999958e+02 4.327592585927999949e+02
6.886343551000000396e-01 9.801392123209999454e+02 5.595606480808665992e+02 -2.312590580129333375e+02 4.385695605955666565e+02
6.911476192000000074e-01 9.682856407965999779e+02 5.581747867971666892e+02 -2.377864585825333279e+02 4.183104374183999994e+02
6.936608832999999752e-01 9.638806304226000066e+02 5.470215697013333056e+02 -2.239962147404333734e+02 4.584399938465333548e+02
6.961741473000000457e-01 9.618500633154000070e+02 5.428114908090333302e+02 -2.257407569274666628e+02 4.158687874092333914e+02
6.986874114000000136e-01 9.506168862406000244e+02 5.337703471896001020e+02 -2.354054979184333263e+02 4.475266853088666608e+02
7.012006754999999814e-01 9.521381797903000006e+02 5.401047355399999788e+02 -2.291616336602999979e+02 4.396384419840999840e+02
7.037139395000000519e-01 9.369104639626999642e+02 5.288816145457333278e+02 -2.335175035043666867e+02 4.282295387276666929e+02
7.062272036000000197e-01 9.370269075114999850e+02 5.230123126246334095e+02 -2.372388444091333213e+02 4.507300036730666761e+02
7.087404676999999875e-01 9.329989836221999440e+02 5.222016336538000587e+02 -2.337867205687333296e+02 4.269550204986000495e+02
7.112537317999999553e-01 9.314534279660000493e+02 5.136073558698333272e+02 -2.294499133422666546e+02 4.266179877036333323e+02
7.137669958000000259e-01 9.345543408477000185e+02 5.157048857464333196e+02 -2.310682809690333670e+02 4.355380995586667154e+02
7.162802598999999937e-01 9.225130971693999982e+02 5.080966808115999811e+02 -2.342584526635999964e+02 4.370890384486333460e+02
7.187935239999999615e-01 9.204885878769999863e+02 5.006706271180332806e+02 -2.435411596998333152e+02 4.435422275932333491e+02
7.213067880000000320e-01 9.164088999309000201e+02 4.974990508214334000e+02 -2.334839622996333617e+02 4.420103981149333663e+02
7.238200520999999998e-01 9.204462917281000500e+02 4.942511639101999776e+02 -2.442188951262000103e+02 4.378014189821333275e+02
7.263333161999999676e-01 9.120279808254000500e+02 4.894673228371332812e+02 -2.312950182066666684e+02 4.442895985196333299e+02
7.288465802000000382e-01 9.058274109489000239e+02 4.866695829863667200e+02 -2.243123394251333309e+02 4.263003035548666162e+02
7.313598443000000060e-01 9.057009599561999948e+02 4.841365113154000142e+02 -2.239632179709999775e+02 4.545763740228333063e+02
7.338731083999999738e-01 9.021280353943000136e+02 4.792787439849000179e+02 -2.333601118341333347e+02 4.248408965679000175e+02
7.363863725000000526e-01 8.980124181086999897e+02 4.750325320761999706e+02 -2.289335871612999824e+02 4.561426285099666984e+02
7.388996365000000122e-01 8.943604887632000100e+02 4.726989655584999923e+02 -2.284829925349666553e+02 4.396620948238332858e+02
7.414129005999999800e-01 8.896738541900000428e+02 4.666056440289000307e+02 -2.236173585119666711e+02 4.435423825299999976e+02
7.439261646999999478e-01 8.846915261609000254e+02 4.654461590128333341e+02 -2.338246158437333406e+02 4.139277844252999898e+02
7.464394287000000183e-01 8.862544888971000319e+02 4.587920474082666260e+02 -2.317894930377666753e+02 4.362663009977666775e+02
7.489526927999999861e-01 8.793713302249000208e+02 4.596998682139999914e+02 -2.242721369192333043e+02 4.485962054119666504e+02
7.514659568999999539e-01 8.827379267883000011e+02 4.545319554820000008e+02 -2.439588503775999868e+02 4.477271589445999780e+02
7.539792209000000245e-01 8.830057563138999512e+02 4.492599023610000586e+02 -2.317126262901999780e+02 4.295706838595333465e+02
7.564924849999999923e-01 8.692779027704999635e+02 4.433365009642332666e+02 -2.295085809008333229e+02 4.397617783013666326e+02
7.590057490999999601e-01 8.683887306220999562e+02 4.476085928033999721e+02 -2.288061417929666561e+02 4.487585379392000391e+02
7.615190132000000389e-01 8.670087627957000223e+02 4.427842894350333154e+02 -2.292110753151333427e+02 4.221039638914333523e+02
7.640322771999999985e-01 8.666489539596000213e+02 4.370925539995999429e+02 -2.289866096177999850e+02 4.362201154954666436e+02
7.665455412999999663e-01 8.567232740135999620e+02 4.326043684689333872e+02 -2.275879349077666518e+02 4.570020047830000181e+02
7.690588054000000451e-01 8.536015453441999625e+02 4.339689832279333928e+02 -2.307856352002666824e+02 4.358729906412999640e+02
7.715720694000000046e-01 8.550751115749000064e+02 4.273493117621999886e+02 -2.392991771909333067e+02 4.292110411722666754e+02
7.740853334999999724e-01 8.515620270040999458e+02 4.227586858570000459e+02 -2.267435203185000034e+02 4.295366908738999996e+02
7.765985976000000512e-01 8.503895542192000221e+02 4.212383449211000084e+02 -2.316754058852000071e+02 4.447615059943000233e+02
7.791118616000000108e-01 8.529725648762999981e+02 4.222584863897332639e+02 -2.258187339955333357e+02 4.418113577285000133e+02
7.816251256999999786e-01 8.432672125889999961e+02 4.173436832746333494e+02 -2.256059473746666697e+02 4.380206460923332656e+02
7.841383897999999464e-01 8.526304815756999460e+02 4.206638835468000366e+02 -2.286493675860333497e+02 4.517141751949332615e+02
7.866516539000000252e-01 8.498926989084000070e+02 4.154527914034333662e+02 -2.298090946422666718e+02 4.569033513532999677e+02
7.891649178999999847e-01 8.372926906743999780e+02 4.086012300783666547e+02 -2.148493297910999900e+02 4.305524408221667159e+02
7.916781819999999525e-01 8.423973854458999995e+02 4.121360170748333189e+02 -2.373375915941000187e+02 4.495628507031333356e+02
7.941914461000000314e-01 8.326134841435000453e+02 4.055812934155999869e+02 -2.251468660087666649e+02 4.418852277436666895e+02
7.967047100999999909e-01 8.273771170272999598e+02 4.032581742465000048e+02 -2.262308161751333273e+02 4.375233714773333418e+02
7.992179741999999587e-01 8.265845093817999896e+02 4.036045502681333232e+02 -2.214782302639333409e+02 4.516689482729666452e+02
8.017312383000000375e-01 8.342151808485999709e+02 4.023518946124666513e+02 -2.325301116156666694e+02 4.551100427741000090e+02
8.042445022999999971e-01 8.272447159097999929e+02 3.982688539428333456e+02 -2.227032392605999860e+02 4.703170506679333016e+02
8.067577663999999649e-01 8.223471584815999904e+02 3.991637812514666734e+02 -2.235403165276667039e+02 4.356028525101000355e+02
8.092710305000000437e-01 8.226908092203000251e+02 3.890157659808000403e+02 -2.211501215655999886e+02 4.562818470308999963e+02
8.117842946000000115e-01 8.098868600731000242e+02 3.897746774027666561e+02 -2.194832074504666650e+02 4.500451407378000113e+02
8.142975585999999710e-01 8.200509097880999434e+02 3.878112241921333521e+02 -2.260724065830666802e+02 4.489908273871333222e+02
8.168108227000000499e-01 8.215331032847999495e+02 3.897125344503667179e+02 -2.185528660335666871e+02 4.415792428853333149e+02
8.193240868000000177e-01 8.127074684281000145e+02 3.806853022092000174e+02 -2.170118448411999736e+02 4.378641544639999665e+02
8.218373507999999772e-01 8.151496729790000018e+02 3.837278001122666069e+02 -2.298322274039000206e+02 4.575860697467999785e+02
8.243506148999999450e-01 8.115013801577000550e+02 3.792087493875000632e+02 -2.047465147114999979e+02 4.419865095104666466e+02
8.268638790000000238e-01 8.037180793794999545e+02 3.795983335932000386e+02 -2.076675982644333374e+02 4.475444133961666466e+02
8.293771429999999834e-01 8.137822322127999541e+02 3.764580124106333301e+02 -2.224121978382666782e+02 4.516931919861333427e+02
8.318904070999999512e-01 8.038288843896999651e+02 3.768940462306333643e+02 -2.179185715122999909e+02 4.798568028189666279e+02
8.344036712000000300e-01 8.138872059116999935e+02 3.751505916318333220e+02 -2.110616662409666731e+02 4.604994850083999722e+02
8.369169351999999895e-01 8.000229903512999954e+02 3.736432364218666748e+02 -2.125076171035999835e+02 4.654259945731000130e+02
8.394301992999999573e-01 7.944359284234000143e+02 3.689564001322666513e+02 -2.054949778091666701e+02 4.459822106549333398e+02
8.419434634000000361e-01 7.918850771382999483e+02 3.697881325717333425e+02 -2.094486755697666638e+02 4.635239400568666497e+02
8.444567275000000039e-01 7.951786883613999635e+02 3.654259077066333248e+02 -2.085733057664000114e+02 4.627169171062666919e+02
8.469699914999999635e-01 7.977695010206999768e+02 3.642221634496666525e+02 -2.141573294694666458e+02 4.587875197387999719e+02
8.494832556000000423e-01 7.945726045249999743e+02 3.650303937193666570e+02 -2.154918428608999932e+02 4.687947863139334004e+02
8.519965197000000101e-01 7.965063364563000050e+02 3.664347323641333674e+02 -2.104634322617333453e+02 4.640867548194000278e+02
8.545097836999999696e-01 7.854333036225999649e+02 3.605568455355000310e+02 -2.084813223003666565e+02 4.705164287673333092e+02
8.570230478000000485e-01 7.873228014151000025e+02 3.598290398439667115e+02 -1.961854791283333270e+02 4.716988554359666637e+02
8.595363119000000163e-01 7.950559505740000077e+02 3.619897186091000094e+02 -2.155883386967333308e+02 4.749756899949999820e+02
8.620495758999999758e-01 7.863111027249000244e+02 3.561229848719332836e+02 -2.109980799902999991e+02 4.586469651154999951e+02
8.645628400000000546e-01 7.910075841422000167e+02 3.641385236118999842e+02 -2.024312887520333391e+02 4.774677680201666590e+02
8.670761041000000224e-01 7.883436121948000164e+02 3.554697796970000923e+02 -2.008888583990333245e+02 4.634020302041666923e+02
8.695893681999999902e-01 7.862541171159000442e+02 3.579731194733999473e+02 -2.087823160765999830e+02 4.695364630083666384e+02
8.721026321999999498e-01 7.865099642111000549e+02 3.555657103589666690e+02 -2.085823069685000064e+02 4.713105885218666913e+02
8.746158963000000286e-01 7.809646350453999730e+02 3.512313728424333590e+02 -1.999823773544666494e+02 4.666461775401000409e+02
8.771291603999999964e-01 7.912549384591000035e+02 3.575657461939333075e+02 -1.995523007705333214e+02 4.774196943853999642e+02
8.796424243999999559e-01 7.881057183112000075e+02 3.549685301855666353e+02 -1.935875716229666921e+02 4.831044460950333246e+02
8.821556885000000348e-01 7.790811429743999952e+02 3.532368293147666805e+02 -1.932149568647666626e+02 4.850508261357333026e+02
8.846689526000000026e-01 7.860263262857999962e+02 3.557639219106666246e+02 -2.163950572462333355e+02 4.672139474637666012e+02
8.871822165999999621e-01 7.868124738924999519e+02 3.534579390494999984e+02 -2.054458178889333340e+02 4.759538042627332857e+02
8.896954807000000409e-01 7.765397718417000306e+02 3.519032565130000307e+02 -1.999823432166000146e+02 4.732460106793333239e+02
8.922087448000000087e-01 7.770690846144000261e+02 3.539459449849333055e+02 -1.889813125180999975e+02 4.826565175513999861e+02
8.947220088999999765e-01 7.826618015374999686e+02 3.543164942051666912e+02 -1.981235220454999819e+02 5.040946310611332706e+02
8.972352729000000471e-01 7.812019046497000545e+02 3.532717085978000000e+02 -2.014045405774666904e+02 4.953394331760334239e+02
8.997485370000000149e-01 7.853205083901999615e+02 3.569863557983000533e+02 -1.943286212360666525e+02 4.980112652321666360e+02
9.022618010999999827e-01 7.827097920587000317e+02 3.550737120064333681e+02 -2.025780015944333172e+02 4.955761968576666732e+02
9.047750651000000532e-01 7.882695288521999828e+02 3.556774063524000553e+02 -1.999034218040666531e+02 4.940222727345999942e+02
9.072883292000000210e-01 7.782077644974999657e+02 3.494584142071333304e+02 -1.864224063596000178e+02 4.977008927937000067e+02
9.098015932999999889e-01 7.780850949701999753e+02 3.546194707347999611e+02 -1.894638520536333317e+02 4.886668667485999435e+02
9.123148572999999484e-01 7.827683092529999840e+02 3.519472827143999893e+02 -1.854146431804999793e+02 5.027923066739999740e+02
9.148281214000000272e-01 7.806797623021999470e+02 3.507887258083666779e+02 -1.983727075920333220e+02 5.017253632251666318e+02
9.173413854999999950e-01 7.834931041887999754e+02 3.508724268152000150e+02 -2.017449095674333250e+02 5.185770060719332832e+02
9.198546495999999628e-01 7.802238682772000402e+02 3.496825443230666792e+02 -1.870881542587000013e+02 4.952303031571333918e+02
9.223679136000000334e-01 7.841842228368000178e+02 3.524415986770666791e+02 -1.975768934347333072e+02 4.976613674141333377e+02
9.248811777000000012e-01 7.808265117216999442e+02 3.529909056696999983e+02 -1.910716172723666659e+02 5.044465227242000651e+02
9.273944417999999690e-01 7.744505162200000541e+02 3.520569840787666749e+02 -1.946075381645666766e+02 4.935649670856333273e+02
9.299077058000000395e-01 7.844365284010999630e+02 3.524738356183000292e+02 -1.926758074715333180e+02 5.137631885124666269e+02
9.324209699000000073e-01 7.780511141803000328e+02 3.535525075653333147e+02 -1.913141213955999831e+02 5.084002565371999935e+02
9.349342339999999751e-01 7.781008786848999534e+02 3.511751679973332898e+02 -1.937653120403333276e+02 5.216127085757999566e+02
9.374474980000000457e-01 7.835195578251999677e+02 3.544491126616333077e+02 -1.897425163491000148e+02 5.108375975981000465e+02
9.399607621000000135e-01 7.748833943805000217e+02 3.547304400172000101e+02 -1.824263960974999748e+02 5.099256499684333335e+02
9.424740261999999813e-01 7.858763051651000069e+02 3.531444289436666963e+02 -1.928881996453666545e+02 5.325043376813333680e+02
9.449872902999999491e-01 7.762022924765000198e+02 3.528336557336333499e+02 -1.890762111097666605e+02 5.177569042146333231e+02
9.475005543000000197e-01 7.885855909115000486e+02 3.619596533170666248e+02 -1.957809882217666484e+02 5.128586494741666684e+02
9.500138183999999875e-01 7.926677109813000470e+02 3.622416890449666766e+02 -1.935159105688666443e+02 5.380929197700667146e+02
9.525270824999999553e-01 7.889016916228999889e+02 3.618127694147667057e+02 -1.838032620284333518e+02 5.307158146884667076e+02
9.550403465000000258e-01 7.820855814348999502e+02 3.640837928716666738e+02 -1.815869483495333441e+02 5.419259510410000757e+02
9.575536105999999936e-01 7.920492328133000228e+02 3.622067136864666281e+02 -1.944669613593999884e+02 5.321946159156333351e+02
9.600668746999999614e-01 7.889281133512999986e+02 3.612398149146000037e+02 -1.784353284322333195e+02 5.391598504452000498e+02
9.625801387000000320e-01 7.919407378726000388e+02 3.663514240564333591e+02 -1.849261127790666706e+02 5.297824973675666342e+02
9.650934027999999998e-01 7.858914592528999492e+02 3.641776105915999437e+02 -1.841275448469666571e+02 5.328231196564667016e+02
9.676066668999999676e-01 7.944864933328999541e+02 3.672403275888000280e+02 -1.789147106274999999e+02 5.375237831009000047e+02
9.701199309000000381e-01 7.986248285391000081e+02 3.692382393972666250e+02 -1.806989782534333244e+02 5.448047256022000511e+02
9.726331950000000059e-01 7.956491143074000547e+02 3.721281647366333232e+02 -1.713801538013333357e+02 5.566259140324667669e+02
9.751464590999999738e-01 7.963535047630999770e+02 3.751255912894333164e+02 -1.781103763075000188e+02 5.556468902179999532e+02
9.776597232000000526e-01 8.030105702974000224e+02 3.743499996861999648e+02 -1.866665808377333349e+02 5.639843602687666362e+02
9.801729872000000121e-01 7.984350061658000186e+02 3.745787827674333244e+02 -1.710749485191333008e+02 5.627111292261333801e+02
9.826862512999999799e-01 7.978302647386000217e+02 3.771967654309666500e+02 -1.706143275669666366e+02 5.729810623149334106e+02
9.851995153999999477e-01 8.025157361807999905e+02 3.768687446916333670e+02 -1.715589186419333316e+02 5.639464711841666258e+02
9.877127794000000183e-01 8.071374452750000046e+02 3.808416265801333793e+02 -1.821451078599666573e+02 5.739566546766667443e+02
9.902260434999999861e-01 8.122370564448000323e+02 3.817394454935667341e+02 -1.801489291304666551e+02 5.767397519247000446e+02
9.927393075999999539e-01 8.106747610593999980e+02 3.858354073646999609e+02 -1.749892836232333195e+02 5.996600128827000162e+02
9.952525716000000244e-01 8.120715077040999859e+02 3.890217519296999740e+02 -1.787697714598000118e+02 5.782494735932333469e+02
9.977658356999999922e-01 8.114775440744999742e+02 3.893231905279999410e+02 -1.744063038830666699e+02 5.985915525679000666e+02
