2.513264099999999897e-03 3.810787886354650254e+04 4.758145534572706674e+04 2.274679702700463167e+04 3.814519092358250055e+04
5.026528100000000193e-03 3.294853012293380016e+04 4.114950147940743045e+04 1.814938153122466611e+04 9.901689994095766451e+03
7.539792200000000090e-03 6.328734399278469937e+04 7.814457592896393908e+04 2.917934137809986714e+04 -1.364002611705429990e+04
1.005305629999999999e-02 5.920562621043760009e+04 7.310547205588809447e+04 3.311815559009769640e+04 4.540952332787252817e+04
1.256632029999999942e-02 8.290174800444699940e+04 1.017316813091029908e+05 3.970065390504270181e+04 1.415436273082886873e+04
1.507958440000000018e-02 6.474767377456540271e+04 7.982346357155406440e+04 2.912388920109476385e+04 -2.262536346924653117e+04
1.759284850000000094e-02 7.810463504343309614e+04 9.586314031578386493e+04 3.812624826107697299e+04 1.641438566589743641e+04
2.010611259999999997e-02 7.747088374381529866e+04 9.550236728112060518e+04 4.013146448032523040e+04 3.045638975415490495e+04
2.261937660000000114e-02 7.055836148953469819e+04 8.663904441432043677e+04 3.291985045809973235e+04 -3.341787217631166641e+03
2.513264070000000017e-02 6.319968255496420170e+04 7.779076810905952880e+04 3.183025157400963144e+04 1.875884307377306686e+04
2.764590479999999920e-02 6.061698565565379977e+04 7.450616007878386881e+04 2.884156104863976725e+04 5.034845735143732782e+03
3.015916880000000036e-02 5.724794144302100176e+04 7.038220944700429391e+04 2.680042468712080154e+04 -4.628401203369267023e+03
3.267243289999999939e-02 5.411922427492339921e+04 6.642904387943039183e+04 2.619928592779506653e+04 8.742428957617132255e+03
3.518569700000000189e-02 4.961611835249410069e+04 6.092104611052560358e+04 2.352292939991396270e+04 3.243723606065467266e+03
3.769896100000000305e-02 4.574939518597650022e+04 5.609795611028069834e+04 2.132146347529966806e+04 -2.015565558892000411e+02
4.021222509999999861e-02 4.609470103589010250e+04 5.647166890798573149e+04 2.127089374791606679e+04 -2.697344577123400086e+03
4.272548920000000111e-02 4.199926358436339797e+04 5.159731188361189561e+04 1.952374485761106916e+04 -3.521835031068432727e+03
4.523875329999999667e-02 3.934793247009589686e+04 4.824234542921183311e+04 1.834851290401646474e+04 -1.350101220259334696e+02
4.775201729999999783e-02 3.730340024388129677e+04 4.574756683241147402e+04 1.751626629183616387e+04 1.652650654651733248e+03
5.026528140000000033e-02 3.575588076257520152e+04 4.369395426088839304e+04 1.661074029467023138e+04 2.164300705115299934e+03
5.277854550000000283e-02 3.417551489612770092e+04 4.184595748076673044e+04 1.564402984536483382e+04 -1.503184074439099959e+03
5.529180949999999706e-02 3.414428081287990062e+04 4.174029277474599803e+04 1.568707576613616584e+04 -9.785200016463340944e+01
5.780507359999999956e-02 3.230529194426810136e+04 3.948188773660786683e+04 1.519530162664770069e+04 5.270168410944067546e+03
6.031833770000000206e-02 3.260071069660389912e+04 3.967704592430343473e+04 1.478173873304080007e+04 1.888915301087299895e+03
6.283160170000000322e-02 3.037104929454670128e+04 3.689017277128509886e+04 1.340804684662020009e+04 1.218815918639999474e+01
6.534486579999999878e-02 2.964872860988349930e+04 3.610857349690623232e+04 1.323183918263976557e+04 -7.180636934948666976e+02
6.785812989999999434e-02 2.947670651468279902e+04 3.580069841748833278e+04 1.304092847092983175e+04 3.438416994862666911e+02
7.037139400000000378e-02 2.817050333363789832e+04 3.418701069118946907e+04 1.226067881327476607e+04 -2.492126104533666421e+03
7.288465800000000494e-02 2.775696000444839956e+04 3.368370659641573002e+04 1.210824306275799790e+04 -7.063710754589999397e+01
7.539792210000000050e-02 2.665598526473790116e+04 3.235371752997356816e+04 1.187533677537516633e+04 2.255114930488333357e+03
7.791118619999999606e-02 2.509319605057689841e+04 3.039948554190740106e+04 1.098634215540393234e+04 -6.170295581111666934e+02
8.042445019999999722e-02 2.517751685766519950e+04 3.038648782922403188e+04 1.088190761531029966e+04 6.706399217513333042e+02
8.293771430000000666e-02 2.281563018546509920e+04 2.770719016378993183e+04 1.023173167162590107e+04 1.211101658271333434e+02
8.545097840000000222e-02 2.201867164722790039e+04 2.669492865427703146e+04 9.766307296000266433e+03 1.013013396286066722e+03
8.796424240000000339e-02 2.122925511543990069e+04 2.588858825111596889e+04 9.993955794760799108e+03 3.310769896294233604e+03
9.047750649999999895e-02 2.009470370374789854e+04 2.446960368232520341e+04 9.094268562506966191e+03 -7.865874023065999836e+02
9.299077059999999451e-02 1.931854052018119910e+04 2.352753056444629692e+04 8.930415120263800418e+03 1.367490434784566560e+03
9.550403470000000394e-02 1.827748887995040059e+04 2.221778958351920301e+04 8.225493020655367218e+03 4.615648122360667003e+02
9.801729870000000511e-02 1.758684738346049926e+04 2.144980296341466601e+04 8.216567053196933557e+03 6.596626330198999995e+02
1.005305628000000007e-01 1.700044360130540008e+04 2.074551376547649852e+04 7.987138237954666693e+03 2.486909629999066965e+03
1.030438268999999962e-01 1.593704361403370058e+04 1.957339069219976591e+04 7.841385423745833577e+03 1.559300653130733508e+03
1.055570908999999974e-01 1.555011959745999957e+04 1.894078344548553287e+04 7.102192919280799288e+03 4.050146238261999656e+02
1.080703550000000068e-01 1.496926435172919992e+04 1.826893142924563654e+04 6.924786190406033711e+03 2.223526645971000164e+02
1.105836191000000024e-01 1.478016789793180033e+04 1.801599546764963088e+04 6.832330053219232468e+03 1.081037189134266782e+03
1.130968831000000036e-01 1.475348561876849999e+04 1.789742057357899830e+04 6.714660417395934019e+03 -6.864296280375000379e+02
1.156101471999999991e-01 1.421048592817479948e+04 1.728612747471526745e+04 6.546290001488266171e+03 8.205429686722667384e+02
1.181234112999999947e-01 1.390822265756009983e+04 1.685889062974790068e+04 6.126951705712300281e+03 -1.352712435950332974e+02
1.206366754000000041e-01 1.403882510067089970e+04 1.699566584817523471e+04 6.271194194833999973e+03 3.315559488118666991e+02
1.231499394000000053e-01 1.350009050512790054e+04 1.637880471236269841e+04 6.091103276322933198e+03 7.922505153688666724e+02
1.256632034999999870e-01 1.326954554707419993e+04 1.607233916282886639e+04 5.980470205566300137e+03 5.526572419344000764e+02
1.281764676000000103e-01 1.284145423281170042e+04 1.551619644208933460e+04 5.669580919601667119e+03 7.753767558204666557e+02
1.306897315999999976e-01 1.267366139236080016e+04 1.524666333189149918e+04 5.444259034810200319e+03 4.178442384101666107e+02
1.332029956999999931e-01 1.253523286081660081e+04 1.505206424380459976e+04 5.337834207096867431e+03 4.239664164140999674e+02
1.357162597999999887e-01 1.219042325255899959e+04 1.469170912679273169e+04 5.326725375281566812e+03 4.970805038318667357e+02
1.382295238000000037e-01 1.201011159013420001e+04 1.442004557300603483e+04 5.208689405550400807e+03 3.879261764689999836e+02
1.407427878999999993e-01 1.164041263843399975e+04 1.403947756416756602e+04 5.118520120760534155e+03 8.977379982188334679e+02
1.432560519999999948e-01 1.131114445467420046e+04 1.360493518352413412e+04 4.897391245673033154e+03 1.100551321133666676e+02
1.457693160000000099e-01 1.073749413636710051e+04 1.295053587527486707e+04 4.707174672478632601e+03 -6.783890200849999985e+01
1.482825801000000054e-01 1.039061544500029959e+04 1.248349711239326825e+04 4.384782270697332933e+03 5.639929487545999791e+02
1.507958442000000010e-01 1.008671991375539983e+04 1.221471760733149858e+04 4.623931466736133189e+03 6.528853021309333826e+02
1.533091082999999966e-01 9.807211663268000848e+03 1.189735105354416555e+04 4.524759942860299816e+03 3.663381867985999634e+02
1.558223723000000116e-01 9.621849859501100582e+03 1.162286593941759929e+04 4.375250161073366144e+03 4.753025096979333171e+02
1.583356364000000072e-01 9.316831057261399110e+03 1.128586390792466591e+04 4.274557871909866662e+03 3.594471992836333243e+02
1.608489005000000027e-01 9.038980781374699291e+03 1.096860070702103258e+04 4.174296256538166745e+03 6.694786648322332212e+02
1.633621644999999900e-01 8.844496671026099648e+03 1.068710520558850112e+04 3.923373172226133192e+03 -2.387565936709999548e+01
1.658754286000000133e-01 8.752634047677500348e+03 1.061286924672233181e+04 4.051872387385633829e+03 1.044450292943900195e+03
1.683886927000000089e-01 8.563503045271700103e+03 1.037702019771283267e+04 3.823544552338033100e+03 2.298904702772000235e+02
1.709019566999999962e-01 8.200585514259100819e+03 9.949900913056701029e+03 3.824398625387800621e+03 6.121618355349332887e+02
1.734152207999999917e-01 8.159795254994300194e+03 9.845373952074132831e+03 3.708285164121400157e+03 8.449041418653332585e+02
1.759284848999999873e-01 8.035241352174500207e+03 9.660039820623433116e+03 3.592756314669033600e+03 5.134233110625667678e+02
1.784417490000000106e-01 7.938998490257299636e+03 9.552822181425466624e+03 3.537204086777033353e+03 3.785046457715333759e+02
1.809550129999999979e-01 7.897112385857099980e+03 9.487763573302667282e+03 3.468926996935833358e+03 3.172152765981999778e+02
1.834682770999999935e-01 7.828435113822900348e+03 9.345891788456132417e+03 3.323074305139999979e+03 5.928663261101332864e+02
1.859815411999999890e-01 7.654801183716799642e+03 9.148870624632032559e+03 3.274780507613999816e+03 7.342241070986665363e+01
1.884948052000000041e-01 7.495265878144099588e+03 8.948659251034800036e+03 3.239284105888133581e+03 3.855272102838000023e+02
1.910080692999999996e-01 7.409875290966900138e+03 8.827942602773100589e+03 3.187759110228700138e+03 3.431264719710000008e+02
1.935213333999999952e-01 7.328130624516200442e+03 8.675308924629700414e+03 3.060636999232366634e+03 4.474624181231333750e+02
1.960345974000000102e-01 7.150587059585400311e+03 8.476871284110400666e+03 2.940454732030133528e+03 5.958242792700000336e+02
1.985478615000000058e-01 7.085066238465000424e+03 8.376254962625100234e+03 2.896955420802767094e+03 4.298919823388333157e+02
2.010611256000000013e-01 6.961770425347799574e+03 8.232002985548568176e+03 2.847923769199399885e+03 3.216493440922999980e+02
2.035743896999999969e-01 6.775466444791400136e+03 8.020874343293500715e+03 2.797473987697533175e+03 5.298030823423665652e+02
2.060876537000000119e-01 6.663721314200500274e+03 7.884167767945000378e+03 2.736831191016199682e+03 4.854091823141666850e+02
2.086009178000000075e-01 6.525971911086699947e+03 7.739156119510833378e+03 2.657283350098599840e+03 4.348200589175000346e+02
2.111141819000000031e-01 6.374389026362799996e+03 7.568134190528832733e+03 2.712679269779166589e+03 3.623140641100000607e+02
2.136274458999999903e-01 6.221060039464199690e+03 7.390562038850500358e+03 2.689033722166266671e+03 5.292904579063333586e+02
2.161407100000000137e-01 6.111390017047099718e+03 7.214193707143200299e+03 2.510652892693899958e+03 3.319738489365000191e+02
2.186539741000000092e-01 6.120571807992399954e+03 7.229200968785467012e+03 2.536998043640566721e+03 3.593573846648333188e+02
2.211672380999999965e-01 5.904963169849999758e+03 6.987872389060933529e+03 2.441096079732266389e+03 1.227110208664333300e+02
2.236805021999999921e-01 5.840329009275200406e+03 6.894396323867633328e+03 2.358213008048333450e+03 1.318636869117333390e+02
2.261937662999999876e-01 5.683819756084300025e+03 6.717829433999832872e+03 2.366585304894399997e+03 5.059277053504333708e+02
2.287070304000000109e-01 5.593039295512499848e+03 6.621165275255865708e+03 2.367964338933400086e+03 4.942396190726999521e+02
2.312202943999999982e-01 5.544483965668499877e+03 6.519689055581266985e+03 2.249260525409099955e+03 3.170070038769333109e+02
2.337335584999999938e-01 5.437043478466600391e+03 6.386546557520733586e+03 2.202150840069233254e+03 4.456635098104999884e+02
2.362468225999999893e-01 5.380851363282099555e+03 6.321564381081066131e+03 2.204896277345733324e+03 2.388355254743999865e+02
2.387600866000000044e-01 5.331789121021900428e+03 6.207755867978034075e+03 2.049382190733733296e+03 4.763455156779334061e+02
2.412733506999999999e-01 5.213692391664800198e+03 6.091146543371200096e+03 2.062841237056966747e+03 3.414559768848666863e+02
2.437866147999999955e-01 5.176091578231899803e+03 6.047290492443567018e+03 2.042408699088866570e+03 2.665701499103000174e+02
2.462998788000000105e-01 5.142804916974900152e+03 5.983627877352766518e+03 1.965115905611166454e+03 4.990801012501667060e+02
2.488131429000000061e-01 5.013594759698000416e+03 5.814020893640733448e+03 1.902493782227000111e+03 4.758117089614333963e+02
2.513264069999999739e-01 4.990276201275700259e+03 5.768523385520232296e+03 1.831630029948533092e+03 3.996503013154333530e+02
2.538396710999999972e-01 4.914781759954799782e+03 5.686729134529300609e+03 1.872884376738533319e+03 1.572383069253999963e+02
2.563529351000000123e-01 4.847094704795699727e+03 5.596778251958233341e+03 1.828723786833633312e+03 3.443358049432333132e+02
2.588661991999999801e-01 4.758495162930799779e+03 5.458048704087533224e+03 1.684583754165199935e+03 3.139366446181333572e+02
2.613794633000000034e-01 4.710133697125699655e+03 5.435617104105466751e+03 1.743551891365966867e+03 5.232960935758000005e+02
2.638927273000000184e-01 4.685311892261999674e+03 5.370981843213899992e+03 1.688966649850999829e+03 3.092330079662667117e+02
2.664059913999999862e-01 4.603897853366000163e+03 5.258498467984533818e+03 1.621263253958499945e+03 3.121273130990333584e+02
2.689192555000000096e-01 4.544142443490000005e+03 5.183748607501100196e+03 1.568370776874900002e+03 3.567999956163666866e+02
2.714325195000000246e-01 4.382704796720800005e+03 5.026676621711433654e+03 1.598040773919266712e+03 3.273552003590332902e+02
2.739457835999999924e-01 4.414906615808599781e+03 5.043166813188399829e+03 1.547745522010066679e+03 3.793895277103333683e+02
2.764590477000000157e-01 4.350792780879999555e+03 4.938243134645200371e+03 1.448716900368133111e+03 3.783210514671333726e+02
2.789723116999999752e-01 4.311731282528199699e+03 4.876001424877599675e+03 1.462308017059100166e+03 5.664983002561999683e+02
2.814855757999999986e-01 4.218710544831499647e+03 4.769548342223666623e+03 1.370651469611133280e+03 3.364429148610999505e+02
2.839988399000000219e-01 4.203567343265100135e+03 4.745026319943567614e+03 1.362389575367566749e+03 3.304520718005333038e+02
2.865121039999999897e-01 4.088077852040300058e+03 4.635744159502132788e+03 1.419382190997166617e+03 3.648900305855333386e+02
2.890253680000000047e-01 4.035406582382299803e+03 4.541170797932866662e+03 1.365665041355366839e+03 4.826252911912333730e+02
2.915386320999999725e-01 3.995794724057399890e+03 4.511669517494900902e+03 1.353894503115866655e+03 4.613201239934332989e+02
2.940518961999999958e-01 3.920272269307699844e+03 4.428702166378233414e+03 1.292699733917999993e+03 4.222695465786333102e+02
2.965651602000000109e-01 3.908124503989300138e+03 4.379685006105300090e+03 1.233305160033399943e+03 3.266408989606666751e+02
2.990784242999999787e-01 3.852763096238099934e+03 4.300769354625566848e+03 1.212757108932800065e+03 4.922325605972666835e+02
3.015916884000000020e-01 3.776935009999199792e+03 4.215069318168499194e+03 1.198105514621866632e+03 2.606918828431000179e+02
3.041049524000000170e-01 3.761016905587499878e+03 4.178545722510766609e+03 1.152719589955099991e+03 4.391640017721333606e+02
3.066182164999999848e-01 3.749834363225500056e+03 4.157908452033901085e+03 1.094590921097200180e+03 2.699116795049999951e+02
3.091314806000000082e-01 3.684438791827400109e+03 4.085980298111566754e+03 1.142893103569633240e+03 3.906892879443666970e+02
3.116447446999999760e-01 3.643370929314699879e+03 4.040843604860333016e+03 1.123654609737066721e+03 4.525215350547666731e+02
3.141580086999999910e-01 3.632623988184700011e+03 3.994199456779066622e+03 1.044919768493533184e+03 2.755948912818333270e+02
3.166712728000000143e-01 3.519735602124700108e+03 3.894193206009400456e+03 1.105751165646133359e+03 4.267330417636666766e+02
3.191845368999999821e-01 3.538237366954800109e+03 3.872786770169166630e+03 9.734482909554666321e+02 4.364646613165666622e+02
3.216978008999999972e-01 3.496772076121900227e+03 3.805784513156033427e+03 9.594111232329332779e+02 4.022958866847332615e+02
3.242110650000000205e-01 3.406155116598699806e+03 3.733072535997533123e+03 1.004155551439199940e+03 3.182941028345333052e+02
3.267243290999999883e-01 3.470645350028600205e+03 3.761071019665533186e+03 9.253206157946333406e+02 4.238560008443333231e+02
3.292375931000000033e-01 3.366346088085099836e+03 3.655870862659366594e+03 9.302542112173332498e+02 5.415760215326332627e+02
3.317508572000000266e-01 3.327289339503399788e+03 3.603407302725900081e+03 8.860507906036000350e+02 3.306919039557333804e+02
3.342641212999999945e-01 3.308099132576699958e+03 3.569082014246766903e+03 8.699387246847667257e+02 4.673653084079000450e+02
3.367773854000000178e-01 3.230584005534400148e+03 3.470694314101099735e+03 8.250718415909999521e+02 4.484627231469333424e+02
3.392906493999999773e-01 3.262203868095799862e+03 3.504029106003699781e+03 8.136240904900332680e+02 3.424153018678333069e+02
3.418039135000000006e-01 3.171388005598700147e+03 3.404386737572766378e+03 8.070299192081000683e+02 4.546279612405000421e+02
3.443171776000000239e-01 3.135020444455500183e+03 3.362736102001532799e+03 7.745680297988333223e+02 3.771597275981000053e+02
3.468304415999999835e-01 3.111927579586700176e+03 3.340525335850833017e+03 7.956190292933333694e+02 4.459370943591000014e+02
3.493437057000000068e-01 3.104154287687700162e+03 3.317584769740366482e+03 7.829136069036334220e+02 3.397714548755333226e+02
3.518569697999999746e-01 3.056446229786699860e+03 3.250862639235999723e+03 7.105358187757998394e+02 3.962978389090666838e+02
3.543702337999999896e-01 3.028204209795299903e+03 3.213356919202700283e+03 6.934114431519666368e+02 3.769393124991666468e+02
3.568834979000000129e-01 3.025894181131599908e+03 3.184568880210233601e+03 6.738986858851332045e+02 4.450896436416333586e+02
3.593967619999999807e-01 2.948332590641899969e+03 3.105024256707799850e+03 6.376864912839999988e+02 3.220965924915666960e+02
3.619100261000000041e-01 2.943360511459899953e+03 3.080122005833766252e+03 5.818761948807665476e+02 4.612832186190333346e+02
3.644232901000000191e-01 2.929656894720199944e+03 3.073842932834000294e+03 6.343299246896334580e+02 4.637885914558000309e+02
3.669365541999999869e-01 2.907373563930900218e+03 3.026495008483266702e+03 6.152473225191000665e+02 4.175456446399333004e+02
3.694498183000000102e-01 2.851638357519500005e+03 2.965321175880733790e+03 5.669219535379000945e+02 4.132876785049666069e+02
3.719630823000000253e-01 2.858353042647499933e+03 2.948449741408233876e+03 5.819648171776333356e+02 5.073676844604333382e+02
3.744763463999999931e-01 2.806755432688600195e+03 2.889176249217533041e+03 5.093382945105000204e+02 4.544354676692333328e+02
3.769896105000000164e-01 2.789492960892700012e+03 2.874849412665033014e+03 5.344693360745999371e+02 4.071144351552999865e+02
3.795028744999999759e-01 2.767925149321300069e+03 2.836909120238600281e+03 5.128290220106333663e+02 4.299627522797999859e+02
3.820161385999999992e-01 2.752510086248500102e+03 2.823498377179366798e+03 5.278215268628000558e+02 3.837294484386666227e+02
3.845294027000000225e-01 2.669707604757999889e+03 2.730943046477799726e+03 5.223139185613000564e+02 4.656663542923333239e+02
3.870426667999999903e-01 2.663200865475399951e+03 2.726168022145800023e+03 5.300494051200666945e+02 4.076228592109000033e+02
3.895559308000000054e-01 2.659370884927499901e+03 2.699584086489866877e+03 4.348099002279333831e+02 4.149134356059333300e+02
3.920691948999999732e-01 2.638816706363800222e+03 2.673487407081566289e+03 4.355676714477999667e+02 3.603496415308666201e+02
3.945824589999999965e-01 2.595710270325399961e+03 2.617776356565366768e+03 4.191697189266333226e+02 4.832026047655999719e+02
3.970957230000000115e-01 2.575573801243100206e+03 2.605273210948299948e+03 4.236236390414333073e+02 4.612593823063666605e+02
3.996089870999999794e-01 2.551875986210000065e+03 2.566559848361566765e+03 3.948319931002667431e+02 4.374039499876000150e+02
4.021222512000000027e-01 2.534816203509699790e+03 2.532426679755933492e+03 3.873367264433999821e+02 3.955592474411333228e+02
4.046355152000000177e-01 2.519061865835600202e+03 2.508028249832533675e+03 3.534560623596000255e+02 4.053522901810666212e+02
4.071487792999999855e-01 2.497796082108799965e+03 2.490019072175633028e+03 3.869630401419333339e+02 4.381553514646666940e+02
4.096620434000000088e-01 2.452668289536999964e+03 2.451101920696599791e+03 3.827247190446333320e+02 4.091312957882000205e+02
4.121753074000000239e-01 2.432049892011199972e+03 2.410648530238166586e+03 3.557752192708000507e+02 4.162305056950665971e+02
4.146885714999999917e-01 2.427739805358200101e+03 2.405547446993999984e+03 3.525068329801999880e+02 4.354163047248666771e+02
4.172018356000000150e-01 2.387007232174500132e+03 2.342672427842400339e+03 3.185447522724332998e+02 4.755163440157332957e+02
4.197150996999999828e-01 2.399701445454799796e+03 2.344611859701833509e+03 2.792795635711333375e+02 4.789255315914333551e+02
4.222283636999999978e-01 2.358951367397699869e+03 2.312939271157266830e+03 2.855486181018999901e+02 4.325842910476999919e+02
4.247416278000000212e-01 2.348545308534699871e+03 2.278784773965699969e+03 2.548136810395999703e+02 4.438879740412000388e+02
4.272548918999999890e-01 2.310394366531899777e+03 2.249685289447033483e+03 2.554710369199333400e+02 4.801033328619999452e+02
4.297681559000000040e-01 2.289353797522599962e+03 2.203020928334466589e+03 2.599781451583000376e+02 4.727404586063999545e+02
4.322814200000000273e-01 2.268250587471599829e+03 2.188832280123599958e+03 2.258680015465666884e+02 4.195568153677333498e+02
4.347946840999999951e-01 2.241683912595699894e+03 2.159265634540933661e+03 2.436313414807333402e+02 4.694157173752999483e+02
4.373079481000000102e-01 2.252409873237299962e+03 2.137574877431300138e+03 1.723274861571333076e+02 4.274593722664666871e+02
4.398212121999999780e-01 2.235164564811800119e+03 2.129865828007433720e+03 2.166003669025000136e+02 4.562543930049000096e+02
4.423344763000000013e-01 2.183835456830299790e+03 2.067262559277433411e+03 1.821215034716999810e+02 3.912222697795000386e+02
4.448477404000000246e-01 2.184420393273800073e+03 2.066227531866632944e+03 1.857556175269666880e+02 4.852302918458999557e+02
4.473610043999999841e-01 2.179544116157399912e+03 2.061840530320000198e+03 1.877218869598666515e+02 4.490390120946667025e+02
4.498742685000000074e-01 2.151693420267699821e+03 2.028229141748966640e+03 1.689555550986666503e+02 4.545137592254999959e+02
4.523875325999999752e-01 2.127175886887000161e+03 1.991136801775900267e+03 1.538212790530666609e+02 4.519506699274666062e+02
4.549007965999999903e-01 2.148115803757300000e+03 2.006959857929766486e+03 1.416897367353666652e+02 4.477923422043333517e+02
4.574140607000000136e-01 2.126270584398000210e+03 1.960974110674799931e+03 1.401832695347333413e+02 5.155495312501000171e+02
4.599273247999999814e-01 2.066046928038199894e+03 1.917284633664599824e+03 1.543640002110333285e+02 4.359164843076000011e+02
4.624405887999999964e-01 2.047741907984699992e+03 1.901735744355700035e+03 1.336542297982666696e+02 4.566385690067666587e+02
4.649538529000000198e-01 2.052439158374999806e+03 1.884325098509833197e+03 1.025184914480333305e+02 4.462681021889999897e+02
4.674671169999999876e-01 2.049311259374399924e+03 1.868893856687566768e+03 6.304903238299999657e+01 4.766514780351666900e+02
4.699803811000000109e-01 2.025833010493799975e+03 1.843878779096466815e+03 7.172088622276666570e+01 4.369764194691333614e+02
4.724936451000000259e-01 1.986435136747199977e+03 1.812628912916366744e+03 8.486820128126667839e+01 4.982482712379666623e+02
4.750069091999999937e-01 1.969802201065999952e+03 1.807443350736499951e+03 9.667438587760000246e+01 5.069169790146999617e+02
4.775201733000000170e-01 1.969750267249499984e+03 1.765177221594766706e+03 5.900294250609999835e+01 3.979222768083332653e+02
4.800334372999999766e-01 1.966286638087899973e+03 1.775346929087733542e+03 8.052585057196667151e+01 4.720349055777332978e+02
4.825467013999999999e-01 1.963803594543599957e+03 1.741812364099999968e+03 2.121058576409999930e+01 4.250299021833999973e+02
4.850599655000000232e-01 1.933760437283800002e+03 1.734562717176533397e+03 2.790347110616666626e+01 4.970664173584667083e+02
4.875732294999999827e-01 1.922801717051300102e+03 1.704131815638233320e+03 3.092305413716666962e+01 5.014946062460999769e+02
4.900864936000000061e-01 1.922739124469100034e+03 1.700346274400766561e+03 2.239273692566666796e+01 4.656676693203667128e+02
4.925997576999999739e-01 1.867111735258300087e+03 1.662622497434833349e+03 7.073363139200000660e+01 5.123521496389333834e+02
4.951130217999999972e-01 1.858993799113299929e+03 1.645411334288900207e+03 2.444216634966666390e+01 4.713452069461333735e+02
4.976262858000000122e-01 1.842532780150700091e+03 1.623912433498166820e+03 2.435129151596666475e+01 4.857151828346666775e+02
5.001395498999999800e-01 1.860206551688499985e+03 1.623197145221100072e+03 -1.636526362960000114e+01 4.446060783818333562e+02
5.026528139999999478e-01 1.836389416309499893e+03 1.587744732817266595e+03 -2.286975816943333584e+01 5.002237433378333549e+02
5.051660780000000184e-01 1.813913581809400057e+03 1.569482582444966511e+03 -5.799642751033332821e+00 5.356697364496999398e+02
5.076793420999999862e-01 1.823731887226899971e+03 1.567985803112033182e+03 -3.486257585306666584e+01 4.489077992425666253e+02
5.101926061999999540e-01 1.791368188775199997e+03 1.546260402655966573e+03 -1.839601201000000685e-01 4.706924966798999890e+02
5.127058702000000245e-01 1.778795293576800077e+03 1.533935471440833453e+03 -2.298829806346666871e+01 4.851532282913667018e+02
5.152191342999999923e-01 1.788338253148800050e+03 1.519513782806666541e+03 -6.883205172793333304e+01 4.274294057810333811e+02
5.177323983999999601e-01 1.764351393022099955e+03 1.491256823140566667e+03 -5.874179894433333970e+01 4.739972724054666742e+02
5.202456625000000390e-01 1.736314507469299997e+03 1.479232847990533401e+03 -5.121221807189999708e+01 4.670985956247333775e+02
5.227589264999999985e-01 1.716008363935100078e+03 1.451714689789333306e+03 -4.164790930333333563e+01 5.015388517201000127e+02
5.252721905999999663e-01 1.719270080883899936e+03 1.438764064682333583e+03 -6.174498770769999823e+01 4.621435012812667082e+02
5.277854547000000451e-01 1.711341868855899975e+03 1.428974749597133268e+03 -8.572443648989998621e+01 4.485525173685666687e+02
5.302987187000000047e-01 1.705873532187499904e+03 1.421505315905633324e+03 -6.763017455050000137e+01 4.803642107312666667e+02
5.328119827999999725e-01 1.659538863255500019e+03 1.394044792319766884e+03 -4.904560324123333004e+01 4.568865326152999842e+02
5.353252469000000513e-01 1.692351926962800007e+03 1.395195402582299948e+03 -8.261744365610000784e+01 5.195470361666333474e+02
5.378385109000000108e-01 1.655890168631000051e+03 1.362985538171700000e+03 -8.575104290366665793e+01 4.678375751534333062e+02
5.403517749999999786e-01 1.634992579641600059e+03 1.342858386090799968e+03 -8.467430959133334056e+01 4.501410018402666537e+02
5.428650390999999464e-01 1.631359966500400105e+03 1.336269982695133194e+03 -8.715068275713333890e+01 4.840905440991999171e+02
5.453783031000000170e-01 1.605060602054099945e+03 1.319584044419166503e+03 -7.490999826523334093e+01 5.037950110151000445e+02
5.478915671999999848e-01 1.623810382327500065e+03 1.318905426099733404e+03 -1.088349896574666644e+02 4.818376374870666154e+02
5.504048312999999526e-01 1.600092416804900040e+03 1.298742580320966454e+03 -7.901610637196667142e+01 4.780859986323000044e+02
5.529180954000000314e-01 1.606102965722099952e+03 1.283497616183366517e+03 -1.464935336029666644e+02 5.363246597808000615e+02
5.554313593999999910e-01 1.577277281754199976e+03 1.263323276857033306e+03 -1.252636428585999937e+02 4.424557848309000292e+02
5.579446234999999588e-01 1.546720447919200069e+03 1.239831866305633412e+03 -1.051550556430999990e+02 4.919106822050333108e+02
5.604578876000000376e-01 1.581151582748399960e+03 1.246818558580266654e+03 -1.166442716908333495e+02 4.794582800474666442e+02
5.629711515999999971e-01 1.546209721582499924e+03 1.229797067820033362e+03 -1.160294865490333223e+02 5.128881232685333771e+02
5.654844156999999649e-01 1.557139783338699999e+03 1.219872182729799761e+03 -1.409159478063000108e+02 4.485911941466999906e+02
5.679976798000000437e-01 1.533198237348700104e+03 1.203330960289466702e+03 -1.413647285763333059e+02 4.820691875082000024e+02
5.705109438000000033e-01 1.525609135053199907e+03 1.189271192757900053e+03 -1.574810571145999916e+02 5.279294036966666681e+02
5.730242078999999711e-01 1.528858245046400043e+03 1.176267251570966664e+03 -1.622167271805666644e+02 4.906259647759666791e+02
5.755374720000000499e-01 1.503265337402199975e+03 1.157518127932200059e+03 -1.396506882000333292e+02 4.876199933401333624e+02
5.780507361000000177e-01 1.491013742769599958e+03 1.154198780839666824e+03 -1.588071860729999969e+02 4.940724113721333310e+02
5.805640000999999772e-01 1.478404944905599905e+03 1.140865569571766855e+03 -1.377655225559666690e+02 5.062969976237666856e+02
5.830772641999999450e-01 1.478204152065899962e+03 1.133477726305899978e+03 -1.606859238060333439e+02 4.800584715558666744e+02
5.855905283000000239e-01 1.470094855395600007e+03 1.124251359712366593e+03 -1.614971848837333539e+02 4.629783143688333098e+02
5.881037922999999834e-01 1.466158530093099898e+03 1.100407217590799974e+03 -1.818278120218666629e+02 5.226011018269333590e+02
5.906170563999999512e-01 1.439371060046099956e+03 1.097795494673866642e+03 -1.640461968505666448e+02 4.830852255442000569e+02
5.931303205000000300e-01 1.443351664458399910e+03 1.090603220730566591e+03 -1.581157693371333437e+02 4.808175760369333034e+02
5.956435844999999896e-01 1.440276605857299955e+03 1.081349686363000046e+03 -1.575258477874333209e+02 4.776600574818333484e+02
5.981568485999999574e-01 1.426130656698599978e+03 1.064345570117799980e+03 -1.724863569018333465e+02 4.917192922012666259e+02
6.006701127000000362e-01 1.429564491143800069e+03 1.064734826217099908e+03 -1.880739586363666831e+02 4.889189392307666822e+02
6.031833768000000040e-01 1.408218596396400017e+03 1.042276755619966707e+03 -1.946465993110666659e+02 5.249361436723667111e+02
6.056966407999999635e-01 1.389854442257799974e+03 1.020445801903033384e+03 -1.994870190198333546e+02 4.594559364568333422e+02
6.082099049000000424e-01 1.401073198449699930e+03 1.028031121815600045e+03 -2.051911087211999813e+02 5.170279586786999744e+02
6.107231690000000102e-01 1.386025515114999962e+03 1.009584521460733413e+03 -1.847228338553333344e+02 4.854186467944333003e+02
6.132364329999999697e-01 1.398915943210000023e+03 1.004760492234533444e+03 -2.088610690009666939e+02 5.088431980185666248e+02
6.157496971000000485e-01 1.372687238660799949e+03 9.856758854120666911e+02 -2.043940908255333397e+02 4.821163025840332921e+02
6.182629612000000163e-01 1.375257572200099958e+03 9.899737567613333340e+02 -2.057855811799666697e+02 5.260783932334333031e+02
6.207762251999999759e-01 1.357163846114400030e+03 9.711981515540334158e+02 -2.046345681278333188e+02 5.049185370363999823e+02
6.232894893000000547e-01 1.345883917510999936e+03 9.570062316864999730e+02 -2.152851269333999937e+02 4.901770214846666818e+02
6.258027534000000225e-01 1.349244829108800104e+03 9.530837970397333265e+02 -2.137553056817333470e+02 5.088698219012333084e+02
6.283160174999999903e-01 1.328254531668000027e+03 9.415517213742999729e+02 -2.002792842067666754e+02 4.800123113878333356e+02
6.308292814999999498e-01 1.321127803331299901e+03 9.317029564985333536e+02 -2.175721292965999965e+02 4.895267148510666289e+02
6.333425456000000286e-01 1.325567442801800098e+03 9.302660251032666565e+02 -2.359758837835666725e+02 5.095323307157666477e+02
6.358558096999999965e-01 1.330557955857299930e+03 9.280189695331667963e+02 -2.413909653357333127e+02 5.151057354865000661e+02
6.383690736999999560e-01 1.295070873431099926e+03 9.048227733759000557e+02 -2.044686691933000020e+02 4.507613753358332929e+02
6.408823378000000348e-01 1.303134371020400067e+03 9.005558790759999965e+02 -2.238672457502666759e+02 5.318238409330000422e+02
6.433956019000000026e-01 1.284933375846100034e+03 8.918263787176998676e+02 -2.192937535637333610e+02 4.999136363305333361e+02
6.459088658999999621e-01 1.272619004685599975e+03 8.831303279538000197e+02 -2.088321738152666569e+02 5.208036446071333785e+02
6.484221300000000410e-01 1.271399569738400032e+03 8.710609477593999372e+02 -2.099136482099666807e+02 5.112517017825666699e+02
6.509353941000000088e-01 1.261688479916399956e+03 8.653931145539332874e+02 -2.312146012362333352e+02 5.030093092605000038e+02
6.534486581999999766e-01 1.264298581478899905e+03 8.617270432474000472e+02 -2.364834783338333182e+02 5.183462473146665843e+02
6.559619222000000471e-01 1.250058252624000033e+03 8.467530049839666617e+02 -2.150395907459666489e+02 5.135036358951333568e+02
6.584751863000000149e-01 1.244498271712800033e+03 8.393770733852999228e+02 -2.289391201091000312e+02 4.891867915679666226e+02
6.609884503999999827e-01 1.242398704931500106e+03 8.316062495491665914e+02 -2.208152138349333597e+02 5.075771559416000400e+02
6.635017144000000533e-01 1.243748341848699965e+03 8.282175344948333304e+02 -2.297911257801999909e+02 5.382389299038333093e+02
6.660149785000000211e-01 1.235574921279800037e+03 8.239580694357333641e+02 -2.472703269019999937e+02 5.031028484530333458e+02
6.685282425999999889e-01 1.218024079162199996e+03 8.030480227862332185e+02 -2.264615617391333444e+02 5.298971221391000199e+02
6.710415065999999484e-01 1.226306682894200094e+03 8.021800281391333556e+02 -2.466485322038332981e+02 5.029986098582333511e+02
6.735547707000000273e-01 1.203494722723100040e+03 7.841010775643999295e+02 -2.498099281251333252e+02 5.316219566434000399e+02
6.760680347999999951e-01 1.207714836712599890e+03 7.896762188772667059e+02 -2.414556039430666772e+02 5.297592575196000553e+02
6.785812988999999629e-01 1.191596426728500091e+03 7.829860921022333287e+02 -2.292629704737333611e+02 5.083920503392333217e+02
6.810945629000000334e-01 1.202696222494500034e+03 7.750620382673665745e+02 -2.369645305611666970e+02 5.366915942396000219e+02
6.836078270000000012e-01 1.195615994133300092e+03 7.731283221387666345e+02 -2.549925386604666926e+02 5.010466919499666005e+02
6.861210910999999690e-01 1.185671516089799979e+03 7.602383554734333302e+02 -2.317278984649666711e+02 5.183590548642666818e+02
6.886343551000000396e-01 1.189206025939600067e+03 7.574904378607999433e+02 -2.487366114081000035e+02 5.166231380131999913e+02
6.911476192000000074e-01 1.184303161871200018e+03 7.517897243077333087e+02 -2.538508405224000342e+02 5.152735895539332205e+02
6.936608832999999752e-01 1.178528794143200003e+03 7.434741936169666587e+02 -2.570429028680333090e+02 5.488864977708666402e+02
6.961741473000000457e-01 1.160230017079999925e+03 7.396760275291667313e+02 -2.395506006192999848e+02 4.833569878799333424e+02
6.986874114000000136e-01 1.158978879981599903e+03 7.277051722504334066e+02 -2.470500149383333337e+02 5.236023513594000178e+02
7.012006754999999814e-01 1.166241873118199919e+03 7.264217084881332767e+02 -2.646294737983999994e+02 5.046659372999667426e+02
7.037139395000000519e-01 1.146042158356199934e+03 7.118026941551333948e+02 -2.423702843920666510e+02 5.486001908330332526e+02
7.062272036000000197e-01 1.147240980245200035e+03 7.063678401011999313e+02 -2.492230018535333329e+02 5.315674573107665992e+02
7.087404676999999875e-01 1.138729978680599970e+03 7.012756136904332607e+02 -2.540409069875333046e+02 5.438584284664666484e+02
7.112537317999999553e-01 1.140859727803399892e+03 6.974707091738332565e+02 -2.648111746831332880e+02 5.330800179242334025e+02
7.137669958000000259e-01 1.128268312483799946e+03 6.952834720223332852e+02 -2.596121778102333337e+02 5.331941291954666440e+02
7.162802598999999937e-01 1.115406006926499913e+03 6.854752652891999105e+02 -2.502334338356999979e+02 5.130235804509001127e+02
7.187935239999999615e-01 1.119751096598299910e+03 6.808734480568999743e+02 -2.562716838956333163e+02 5.129467780130333949e+02
7.213067880000000320e-01 1.121881705014000090e+03 6.769077395931666388e+02 -2.571225480866666544e+02 5.232832289526332943e+02
7.238200520999999998e-01 1.127137934311200070e+03 6.748036471532333280e+02 -2.702783135869667035e+02 5.401029563943999392e+02
7.263333161999999676e-01 1.103644362464500091e+03 6.622220017935666192e+02 -2.503593349712333236e+02 5.505039883041999929e+02
7.288465802000000382e-01 1.099998460588700027e+03 6.600143904535000274e+02 -2.584168402483666682e+02 5.039441282802000046e+02
7.313598443000000060e-01 1.105315950869100107e+03 6.547663451672333395e+02 -2.662991795784000146e+02 5.371010310725333738e+02
7.338731083999999738e-01 1.092555152435699938e+03 6.476783340052000995e+02 -2.565652824544333157e+02 5.119876183518333619e+02
7.363863725000000526e-01 1.093543784795300098e+03 6.516080744472666311e+02 -2.765644580311000027e+02 5.585824180007333553e+02
7.388996365000000122e-01 1.085505594425700110e+03 6.460843168487000412e+02 -2.522024068688666603e+02 5.402946712445999538e+02
7.414129005999999800e-01 1.071195659385399949e+03 6.276335167199666785e+02 -2.514515799188333460e+02 5.253331762628332626e+02
7.439261646999999478e-01 1.068371195960899968e+03 6.243259824002999494e+02 -2.651352971343999911e+02 5.105811460298334055e+02
7.464394287000000183e-01 1.064799500289700063e+03 6.264442006934000347e+02 -2.483004886107000004e+02 5.433329254936332973e+02
7.489526927999999861e-01 1.066196365863399933e+03 6.190389661907000800e+02 -2.634204302680666956e+02 5.377646552526999812e+02
7.514659568999999539e-01 1.064453740287600112e+03 6.189563042899999346e+02 -2.631291681398000151e+02 5.385098361638665665e+02
7.539792209000000245e-01 1.059384529172599969e+03 6.074065557990334128e+02 -2.541409799143666532e+02 5.291246653868332714e+02
7.564924849999999923e-01 1.063781459126500067e+03 6.072900274490666561e+02 -2.623900124164999852e+02 5.372587746220000327e+02
7.590057490999999601e-01 1.046714128123099954e+03 5.995517047784333045e+02 -2.589456220807666682e+02 5.430112792563332960e+02
7.615190132000000389e-01 1.057884108674599929e+03 6.030968436404000386e+02 -2.572716403587666605e+02 5.187113775000666465e+02
7.640322771999999985e-01 1.061836789999799976e+03 6.064020354823666139e+02 -2.531947675088666756e+02 5.259533071060000111e+02
7.665455412999999663e-01 1.026106790359500110e+03 5.825451318458999594e+02 -2.432619231734666698e+02 5.647407556166000404e+02
7.690588054000000451e-01 1.044988704062900069e+03 5.850878527876666340e+02 -2.531701401032667036e+02 5.392071936414332640e+02
7.715720694000000046e-01 1.039669072426599996e+03 5.891423121820666893e+02 -2.472556247582000140e+02 5.411791095533000089e+02
7.740853334999999724e-01 1.040114290017600069e+03 5.828104003283999646e+02 -2.678922697440333422e+02 5.294782851489667337e+02
7.765985976000000512e-01 1.032259173644300063e+03 5.764483135796000397e+02 -2.676719767442666580e+02 5.479903175867333402e+02
7.791118616000000108e-01 1.023473959107399992e+03 5.741253349858333195e+02 -2.461912020813999789e+02 5.246981281957000647e+02
7.816251256999999786e-01 1.025321276781600091e+03 5.682710850831332436e+02 -2.715214009784667155e+02 5.532038415270000087e+02
7.841383897999999464e-01 1.027187709023199886e+03 5.661581444974999613e+02 -2.590172650414666577e+02 5.370265066736666313e+02
7.866516539000000252e-01 1.022370530489999965e+03 5.621842030843332623e+02 -2.673723416174333352e+02 5.575939159444666302e+02
7.891649178999999847e-01 1.022925189432500019e+03 5.565762371696000628e+02 -2.619953961311666717e+02 5.540366305703000762e+02
7.916781819999999525e-01 1.001604067893100023e+03 5.462433913658666143e+02 -2.666300607139000363e+02 5.359961254850667274e+02
7.941914461000000314e-01 1.015302057547999993e+03 5.487964964009332789e+02 -2.493041943885666569e+02 5.557977183349667030e+02
7.967047100999999909e-01 9.991301335120999738e+02 5.449175031370333500e+02 -2.506422284939666554e+02 5.605737437152000666e+02
7.992179741999999587e-01 9.797412768453999661e+02 5.340288945436333279e+02 -2.528685764958333095e+02 5.483744050549667008e+02
8.017312383000000375e-01 1.000800423848399987e+03 5.384418365061000031e+02 -2.598155498348333481e+02 5.375475843753333720e+02
8.042445022999999971e-01 9.928856893698999784e+02 5.317329931415332567e+02 -2.587371778482333298e+02 5.720893030457666555e+02
8.067577663999999649e-01 9.899237431323000465e+02 5.421395803142667091e+02 -2.678922789324666951e+02 5.338607613517000345e+02
8.092710305000000437e-01 9.849338290312999789e+02 5.283832653746667347e+02 -2.365247457085333451e+02 5.420436507866999136e+02
8.117842946000000115e-01 9.887342479085000377e+02 5.318917617895666581e+02 -2.465520290569999986e+02 5.590137783604333208e+02
8.142975585999999710e-01 9.855124812466999629e+02 5.228036339207666288e+02 -2.485247521389666474e+02 6.068469230439667399e+02
8.168108227000000499e-01 9.792308508362999646e+02 5.179412702192333882e+02 -2.460174265065666930e+02 5.366367097800333568e+02
8.193240868000000177e-01 9.759415722538000182e+02 5.171084854642332402e+02 -2.488708494053333595e+02 5.299253188615999761e+02
8.218373507999999772e-01 9.799023402794000503e+02 5.255725670935332801e+02 -2.568042723508333438e+02 5.858637633324332228e+02
8.243506148999999450e-01 9.756884002865999719e+02 5.173600021843000150e+02 -2.564724788473666308e+02 5.656866313511000044e+02
8.268638790000000238e-01 9.763548082132000445e+02 5.170496082116333127e+02 -2.516994575476666398e+02 5.517315630019666060e+02
8.293771429999999834e-01 9.744905808756000170e+02 5.199378272218999655e+02 -2.449362640808666640e+02 5.484865744966665488e+02
8.318904070999999512e-01 9.689771936388999620e+02 5.090761506486333019e+02 -2.523933672470332965e+02 5.869883335031667002e+02
8.344036712000000300e-01 9.771988892452000073e+02 5.066427016610666669e+02 -2.498649762615666532e+02 5.622132111633667364e+02
8.369169351999999895e-01 9.760163440746999868e+02 5.094477011565666658e+02 -2.574942561609666996e+02 5.829394628149999562e+02
8.394301992999999573e-01 9.683221602296999890e+02 5.077599008181999238e+02 -2.418703520189666563e+02 5.612507481434666943e+02
8.419434634000000361e-01 9.697219154821000302e+02 5.042004583128666582e+02 -2.553462829507333254e+02 5.675106453318666127e+02
8.444567275000000039e-01 9.651373523060999560e+02 4.990110310773333708e+02 -2.613513362302666678e+02 5.696305153383667630e+02
8.469699914999999635e-01 9.652705737553000063e+02 4.992233893008666996e+02 -2.508007182567999962e+02 5.846088477954666587e+02
8.494832556000000423e-01 9.582880977869000390e+02 4.958315080072333672e+02 -2.521383597588666419e+02 5.598556868341333939e+02
8.519965197000000101e-01 9.598008393021000302e+02 4.909461602423000386e+02 -2.447293823246000102e+02 5.931372546959332794e+02
8.545097836999999696e-01 9.529822975752999810e+02 4.898499093909333624e+02 -2.531388768385000105e+02 5.892773662088666242e+02
8.570230478000000485e-01 9.420786199128999669e+02 4.903065792542333838e+02 -2.280947871314999986e+02 5.581418196142333272e+02
8.595363119000000163e-01 9.654503832870999531e+02 4.942256720078000285e+02 -2.564013184624333235e+02 5.835957636393333132e+02
8.620495758999999758e-01 9.513517815423999764e+02 4.832989366374999918e+02 -2.444119292333333249e+02 6.052506974799999853e+02
8.645628400000000546e-01 9.396607119748999821e+02 4.813099768761000519e+02 -2.410577695626333536e+02 5.950101048774666879e+02
8.670761041000000224e-01 9.724000299130999565e+02 4.927273597990999860e+02 -2.521971030132333453e+02 6.072758048234667285e+02
8.695893681999999902e-01 9.541553542394000260e+02 4.874608843015333264e+02 -2.490977544346000059e+02 6.198797514185665705e+02
8.721026321999999498e-01 9.418306460613999889e+02 4.829153992487333085e+02 -2.403063122408666743e+02 5.758760667305665493e+02
8.746158963000000286e-01 9.444659196889999748e+02 4.795929885095999907e+02 -2.363507264684666609e+02 5.745351235476667853e+02
8.771291603999999964e-01 9.458629872619000025e+02 4.866517710777999923e+02 -2.427283576902999869e+02 5.901632092630999296e+02
8.796424243999999559e-01 9.531005253580999579e+02 4.850078436495334131e+02 -2.312866754104666427e+02 6.096500307240332859e+02
8.821556885000000348e-01 9.485788765812000065e+02 4.866588363261000154e+02 -2.338988984782666591e+02 5.990361689069667364e+02
8.846689526000000026e-01 9.411090797411000040e+02 4.831086346492333519e+02 -2.385029667665666864e+02 5.918459657454333183e+02
8.871822165999999621e-01 9.451418166859000394e+02 4.836927947434999737e+02 -2.398721237490999840e+02 6.059760758099999975e+02
8.896954807000000409e-01 9.496894543211000155e+02 4.804735663272666102e+02 -2.362965837536999913e+02 6.161615743163666821e+02
8.922087448000000087e-01 9.359389702427999964e+02 4.800736501118999513e+02 -2.395378297181666767e+02 5.955541280199666971e+02
8.947220088999999765e-01 9.415791879957999981e+02 4.775492634325000267e+02 -2.423153500043666781e+02 6.334628571123333813e+02
8.972352729000000471e-01 9.452619159135000473e+02 4.795981935077666094e+02 -2.368452706234666891e+02 6.155142349307333234e+02
8.997485370000000149e-01 9.437998970653000015e+02 4.770058799608000299e+02 -2.395001910379000094e+02 6.317748129138333297e+02
9.022618010999999827e-01 9.499568766452999853e+02 4.791253062836667027e+02 -2.416703200519666552e+02 6.042711563457665989e+02
9.047750651000000532e-01 9.499773539047999975e+02 4.824405042111666830e+02 -2.442568812074666766e+02 6.127395227115333682e+02
9.072883292000000210e-01 9.394238593574999641e+02 4.841122057528332903e+02 -2.403926615756666649e+02 6.244187415858000350e+02
9.098015932999999889e-01 9.432149779728000567e+02 4.793909664941333517e+02 -2.243220698410999887e+02 6.277084924279999996e+02
9.123148572999999484e-01 9.545613483314000405e+02 4.808342750896999860e+02 -2.344836642122333217e+02 6.619377598130332672e+02
9.148281214000000272e-01 9.340882973443000310e+02 4.824098262585000043e+02 -2.280086260231333597e+02 6.511842737595667359e+02
9.173413854999999950e-01 9.436609167922999859e+02 4.743427733038000156e+02 -2.207922130506999849e+02 6.507503353321667419e+02
9.198546495999999628e-01 9.490433864133000270e+02 4.834642545503666611e+02 -2.210394779120333340e+02 6.460907469126667593e+02
9.223679136000000334e-01 9.457775939946000108e+02 4.796198881391333089e+02 -2.327092940438333244e+02 6.420215713192000067e+02
9.248811777000000012e-01 9.392669690660000015e+02 4.773402932489666455e+02 -2.307020204177333653e+02 6.519757344360999696e+02
9.273944417999999690e-01 9.428615942576000180e+02 4.807867716523666672e+02 -2.368861791302666688e+02 6.469838296748666835e+02
9.299077058000000395e-01 9.455680125929000042e+02 4.771034691842332904e+02 -2.298252735343999973e+02 6.559750568622999936e+02
9.324209699000000073e-01 9.455841117101000464e+02 4.813491211851999765e+02 -2.340772842477666700e+02 6.459654154240000707e+02
9.349342339999999751e-01 9.418573558867000202e+02 4.826322918051666875e+02 -2.063132830161999891e+02 6.724036450766999451e+02
9.374474980000000457e-01 9.531204226188000348e+02 4.868209607260666871e+02 -2.166909468436333555e+02 6.623357551549000846e+02
9.399607621000000135e-01 9.506884611453000389e+02 4.843406308198000261e+02 -2.220915103437999960e+02 6.605751310043333433e+02
9.424740261999999813e-01 9.391518107763999978e+02 4.795525918407333279e+02 -2.177814568498333472e+02 6.745367340661999833e+02
9.449872902999999491e-01 9.487631404085000213e+02 4.855655023065999671e+02 -2.248347607981333169e+02 7.041612389813999471e+02
9.475005543000000197e-01 9.571880243373999519e+02 4.932916925131667085e+02 -2.284245057539333459e+02 6.673649756401999866e+02
9.500138183999999875e-01 9.468189973759000395e+02 4.928051809548333040e+02 -2.134563085581999928e+02 6.902966955449666102e+02
9.525270824999999553e-01 9.535156001180999965e+02 4.910696740115333228e+02 -2.051475178287666665e+02 6.929621136204999630e+02
9.550403465000000258e-01 9.710636837099000331e+02 4.981969254415000137e+02 -2.271892662408999968e+02 7.132866385554999624e+02
9.575536105999999936e-01 9.593312828125999658e+02 4.936584736831666760e+02 -2.210949334412666758e+02 7.009890526693667425e+02
9.600668746999999614e-01 9.529267166693000490e+02 4.970809933420999300e+02 -2.045231827113666725e+02 6.899548663786666793e+02
9.625801387000000320e-01 9.623637307461000319e+02 5.042196028824999416e+02 -2.136191586614666846e+02 7.002112174393332680e+02
9.650934027999999998e-01 9.565771709895000185e+02 5.024489698287999886e+02 -2.113448165914666959e+02 7.230013730092332480e+02
9.676066668999999676e-01 9.725551233058999969e+02 5.096918028695666294e+02 -2.260286987078666527e+02 7.096689154226332903e+02
9.701199309000000381e-01 9.670244241734000070e+02 5.058239520321000668e+02 -2.022582402923000018e+02 7.241937103695667020e+02
9.726331950000000059e-01 9.783682097733000091e+02 5.124491087149666555e+02 -2.243906975793666732e+02 7.478574306356667876e+02
9.751464590999999738e-01 9.682261176391999697e+02 5.077068728193332845e+02 -2.153815256768333199e+02 7.300999778323999863e+02
9.776597232000000526e-01 9.773114418330000035e+02 5.145949050477667015e+02 -2.276545703293666918e+02 7.610640264314333763e+02
9.801729872000000121e-01 9.728743857465000247e+02 5.108695407685000305e+02 -2.184341307521666806e+02 7.330087440727666035e+02
9.826862512999999799e-01 9.751121676586000149e+02 5.152216868420999845e+02 -2.088535961328333315e+02 7.494675023296334757e+02
9.851995153999999477e-01 9.919420565586000293e+02 5.160698311732666070e+02 -2.165687571570666705e+02 7.601428928715666871e+02
9.877127794000000183e-01 9.764402175627000133e+02 5.192769436581000946e+02 -2.107119012362333308e+02 7.522118145985332376e+02
9.902260434999999861e-01 9.904042382080000380e+02 5.274160890188333042e+02 -2.110853855924666505e+02 7.829237689710665791e+02
9.927393075999999539e-01 9.830654274729999997e+02 5.249108715617334155e+02 -2.073410302332000299e+02 7.822912963898000953e+02
9.952525716000000244e-01 9.864602077014000088e+02 5.293697492423001449e+02 -2.104963123658333188e+02 7.590578266395999663e+02
9.977658356999999922e-01 9.984954924114999812e+02 5.335490007985332568e+02 -2.068713304041000072e+02 7.844957446503666461e+02
