1.000000e+00 3.254473e-01 2.370862e-01 2.260243e+01 1.000000e-05  
3.000000e+00 1.178122e+00 9.793396e-01 2.820934e+01 2.057574e+00  
5.000000e+00 1.956292e+00 1.767621e+00 2.570080e+01 4.240452e+00  
7.000000e+00 2.625029e+00 2.535060e+00 2.236638e+01 5.364000e+00  
9.000000e+00 3.192736e+00 3.265096e+00 1.948733e+01 6.078464e+00  
1.100000e+01 3.673720e+00 3.953778e+00 1.712994e+01 6.626724e+00  
1.300000e+01 4.080543e+00 4.601455e+00 1.525434e+01 7.093040e+00  
1.500000e+01 4.424313e+00 5.210077e+00 1.372786e+01 7.516699e+00  
1.700000e+01 4.714073e+00 5.782158e+00 1.244809e+01 7.908214e+00  
1.900000e+01 4.959884e+00 6.320319e+00 1.138491e+01 8.273505e+00  
2.100000e+01 5.164748e+00 6.827111e+00 1.049640e+01 8.616693e+00  
2.300000e+01 5.337349e+00 7.304937e+00 9.755973e+00 8.941293e+00  
2.500000e+01 5.480179e+00 7.756026e+00 9.153645e+00 9.251274e+00  
2.700000e+01 5.597419e+00 8.182391e+00 8.668577e+00 9.548945e+00  
2.900000e+01 5.693476e+00 8.585900e+00 8.283590e+00 9.837350e+00  
3.100000e+01 5.770666e+00 8.968234e+00 7.964245e+00 1.011698e+01  
3.300000e+01 5.829860e+00 9.330903e+00 7.689789e+00 1.038843e+01  
3.500000e+01 5.876741e+00 9.675302e+00 7.439828e+00 1.065135e+01  
3.700000e+01 5.907957e+00 1.000273e+01 7.212199e+00 1.090442e+01  
3.900000e+01 5.928086e+00 1.031436e+01 7.005439e+00 1.114843e+01  
4.100000e+01 5.941390e+00 1.061120e+01 6.823943e+00 1.138364e+01  
4.300000e+01 5.943699e+00 1.089420e+01 6.669157e+00 1.160854e+01  
4.500000e+01 5.937039e+00 1.116430e+01 6.537546e+00 1.183145e+01  
4.700000e+01 5.926510e+00 1.142230e+01 6.423652e+00 1.203858e+01  
4.900000e+01 5.909147e+00 1.166891e+01 6.319769e+00 1.224378e+01  
5.100000e+01 5.885789e+00 1.190485e+01 6.222215e+00 1.244228e+01  
5.300000e+01 5.857973e+00 1.213075e+01 6.126968e+00 1.263434e+01  
5.500000e+01 5.827277e+00 1.234716e+01 6.036559e+00 1.281987e+01  
5.700000e+01 5.790979e+00 1.255469e+01 5.949905e+00 1.299875e+01  
5.900000e+01 5.753748e+00 1.275375e+01 5.867338e+00 1.317158e+01  
6.100000e+01 5.712308e+00 1.294487e+01 5.787422e+00 1.333855e+01  
6.300000e+01 5.667963e+00 1.312850e+01 5.709277e+00 1.349958e+01  
6.500000e+01 5.623430e+00 1.330491e+01 5.633321e+00 1.365475e+01  
6.700000e+01 5.576261e+00 1.347473e+01 5.558598e+00 1.380399e+01  
6.900000e+01 5.528435e+00 1.363792e+01 5.487793e+00 1.395041e+01  
7.100000e+01 5.478075e+00 1.379525e+01 5.419298e+00 1.409126e+01  
7.300000e+01 5.425293e+00 1.394664e+01 5.355022e+00 1.422820e+01  
7.500000e+01 5.373117e+00 1.409210e+01 5.293599e+00 1.436068e+01  
7.700000e+01 5.320535e+00 1.423286e+01 5.235707e+00 1.448932e+01  
7.900000e+01 5.265639e+00 1.436852e+01 5.179701e+00 1.461428e+01  
8.100000e+01 5.214075e+00 1.449949e+01 5.124877e+00 1.473608e+01  
8.300000e+01 5.155428e+00 1.462596e+01 5.071227e+00 1.485384e+01  
8.500000e+01 5.099637e+00 1.474797e+01 5.019003e+00 1.496856e+01  
8.700000e+01 5.043300e+00 1.486594e+01 4.968982e+00 1.508016e+01  
8.900000e+01 4.986807e+00 1.498051e+01 4.921222e+00 1.518856e+01  
9.100000e+01 4.931980e+00 1.509067e+01 4.876345e+00 1.529398e+01  
9.300000e+01 4.876838e+00 1.519732e+01 4.833420e+00 1.539587e+01  
9.500000e+01 4.823000e+00 1.530052e+01 4.792294e+00 1.549529e+01  
9.700000e+01 4.772506e+00 1.540044e+01 4.751907e+00 1.559156e+01  
9.900000e+01 4.723010e+00 1.549735e+01 4.711937e+00 1.568508e+01  
1.010000e+02 4.677079e+00 1.559138e+01 4.671719e+00 1.577574e+01  
1.030000e+02 4.635430e+00 1.568202e+01 4.631132e+00 1.586389e+01  
1.050000e+02 4.595162e+00 1.577078e+01 4.589977e+00 1.594905e+01  
1.070000e+02 4.557323e+00 1.585714e+01 4.548499e+00 1.603162e+01  
1.090000e+02 4.521519e+00 1.594116e+01 4.506489e+00 1.611199e+01  
1.110000e+02 4.486811e+00 1.602371e+01 4.463714e+00 1.619015e+01  
1.130000e+02 4.453520e+00 1.610358e+01 4.420711e+00 1.626577e+01  
1.150000e+02 4.420091e+00 1.618143e+01 4.377133e+00 1.633982e+01  
1.170000e+02 4.386584e+00 1.625732e+01 4.333670e+00 1.641178e+01  
1.190000e+02 4.353043e+00 1.633140e+01 4.290393e+00 1.648177e+01  
1.210000e+02 4.319781e+00 1.640361e+01 4.247900e+00 1.654958e+01  
1.230000e+02 4.284062e+00 1.647424e+01 4.206126e+00 1.661656e+01  
1.250000e+02 4.249637e+00 1.654313e+01 4.165272e+00 1.668157e+01  
1.270000e+02 4.213312e+00 1.661014e+01 4.125155e+00 1.674503e+01  
1.290000e+02 4.177419e+00 1.667575e+01 4.085246e+00 1.680666e+01  
1.310000e+02 4.138480e+00 1.673971e+01 4.045841e+00 1.686766e+01  
1.330000e+02 4.102185e+00 1.680227e+01 4.006674e+00 1.692777e+01  
1.350000e+02 4.061492e+00 1.686316e+01 3.968156e+00 1.698799e+01  
1.370000e+02 4.023880e+00 1.692243e+01 3.930050e+00 1.704288e+01  
1.390000e+02 3.983076e+00 1.698040e+01 3.892485e+00 1.709872e+01  
1.410000e+02 3.944632e+00 1.703716e+01 3.855130e+00 1.715302e+01  
1.430000e+02 3.902745e+00 1.709244e+01 3.818004e+00 1.720660e+01  
1.450000e+02 3.863079e+00 1.714638e+01 3.777158e+00 1.725893e+01  
1.470000e+02 3.821910e+00 1.719891e+01 3.742862e+00 1.731070e+01  
1.490000e+02 3.781555e+00 1.725029e+01 3.705064e+00 1.736028e+01  
1.510000e+02 3.739847e+00 1.730052e+01 3.667373e+00 1.740916e+01  
1.530000e+02 3.699125e+00 1.734952e+01 3.628752e+00 1.745753e+01  
1.550000e+02 3.658041e+00 1.739725e+01 3.590349e+00 1.750383e+01  
1.570000e+02 3.617647e+00 1.744388e+01 3.551665e+00 1.754910e+01  
1.590000e+02 3.576565e+00 1.748934e+01 3.512774e+00 1.759363e+01  
1.610000e+02 3.535936e+00 1.753381e+01 3.473838e+00 1.763678e+01  
1.630000e+02 3.496052e+00 1.757730e+01 3.434873e+00 1.767948e+01  
1.650000e+02 3.456360e+00 1.761977e+01 3.395782e+00 1.772070e+01  
1.670000e+02 3.415920e+00 1.766106e+01 3.357618e+00 1.776132e+01  
1.690000e+02 3.377154e+00 1.770150e+01 3.319460e+00 1.780097e+01  
1.710000e+02 3.337145e+00 1.774092e+01 3.281596e+00 1.783963e+01  
1.730000e+02 3.298471e+00 1.777956e+01 3.244598e+00 1.787762e+01  
1.750000e+02 3.261382e+00 1.781731e+01 3.207834e+00 1.791465e+01  
1.770000e+02 3.222025e+00 1.785417e+01 3.171359e+00 1.795092e+01  
1.790000e+02 3.184336e+00 1.789009e+01 3.134965e+00 1.798640e+01  
1.810000e+02 3.146548e+00 1.792523e+01 3.099647e+00 1.801886e+01  
1.830000e+02 3.110482e+00 1.795959e+01 3.064385e+00 1.805509e+01  
1.850000e+02 3.073662e+00 1.799322e+01 3.029478e+00 1.808847e+01  
1.870000e+02 3.037377e+00 1.802615e+01 2.994891e+00 1.812099e+01  
1.890000e+02 3.001741e+00 1.805829e+01 2.960676e+00 1.815263e+01  
1.910000e+02 2.966953e+00 1.808965e+01 2.926725e+00 1.818347e+01  
1.930000e+02 2.931726e+00 1.812033e+01 2.893196e+00 1.821426e+01  
1.950000e+02 2.897435e+00 1.815043e+01 2.859954e+00 1.824403e+01  
1.970000e+02 2.863450e+00 1.817982e+01 2.827211e+00 1.827315e+01  
1.990000e+02 2.830288e+00 1.820860e+01 2.794633e+00 1.830146e+01  
2.010000e+02 2.797320e+00 1.823676e+01 2.763031e+00 1.832912e+01  
2.030000e+02 2.764734e+00 1.826425e+01 2.731589e+00 1.835667e+01  
2.050000e+02 2.732574e+00 1.829119e+01 2.699772e+00 1.838316e+01  
2.070000e+02 2.700994e+00 1.831757e+01 2.669018e+00 1.840905e+01  
2.090000e+02 2.669779e+00 1.834338e+01 2.638481e+00 1.843465e+01  
2.110000e+02 2.638915e+00 1.836872e+01 2.608331e+00 1.845970e+01  
2.130000e+02 2.608742e+00 1.839346e+01 2.579106e+00 1.848425e+01  
2.150000e+02 2.578544e+00 1.841767e+01 2.549756e+00 1.850829e+01  
2.170000e+02 2.548812e+00 1.844138e+01 2.520773e+00 1.853164e+01  
2.190000e+02 2.520083e+00 1.846462e+01 2.492314e+00 1.855456e+01  
2.210000e+02 2.491534e+00 1.848743e+01 2.465979e+00 1.857736e+01  
2.230000e+02 2.463036e+00 1.850977e+01 2.437120e+00 1.859937e+01  
2.250000e+02 2.435130e+00 1.853165e+01 2.409516e+00 1.862035e+01  
2.270000e+02 2.407835e+00 1.855306e+01 2.382790e+00 1.864178e+01  
2.290000e+02 2.380564e+00 1.857403e+01 2.356540e+00 1.866325e+01  
2.310000e+02 2.353829e+00 1.859461e+01 2.330704e+00 1.868380e+01  
2.330000e+02 2.327362e+00 1.861480e+01 2.305352e+00 1.870381e+01  
2.350000e+02 2.301876e+00 1.863460e+01 2.280330e+00 1.872345e+01  
2.370000e+02 2.276056e+00 1.865403e+01 2.255704e+00 1.874274e+01  
2.390000e+02 2.250917e+00 1.867303e+01 2.231380e+00 1.876179e+01  
2.410000e+02 2.226083e+00 1.869166e+01 2.207353e+00 1.878079e+01  
2.430000e+02 2.201673e+00 1.870994e+01 2.183564e+00 1.879889e+01  
2.450000e+02 2.177530e+00 1.872789e+01 2.160135e+00 1.881658e+01  
2.470000e+02 2.153852e+00 1.874552e+01 2.137553e+00 1.883370e+01  
2.490000e+02 2.130479e+00 1.840722e+01 2.114149e+00 1.885101e+01  
2.510000e+02 2.107552e+00 1.877978e+01 2.091587e+00 1.886779e+01  
2.530000e+02 2.084466e+00 1.879636e+01 2.069222e+00 1.888474e+01  
2.550000e+02 2.062046e+00 1.881268e+01 2.047135e+00 1.890110e+01  
2.570000e+02 2.040197e+00 1.882873e+01 2.025227e+00 1.891672e+01  
2.590000e+02 2.018656e+00 1.884448e+01 2.003675e+00 1.893269e+01  
2.610000e+02 1.996932e+00 1.885989e+01 1.982475e+00 1.894783e+01  
2.630000e+02 1.975893e+00 1.887507e+01 1.961411e+00 1.896319e+01  
2.650000e+02 1.954816e+00 1.888996e+01 1.940757e+00 1.897733e+01  
2.670000e+02 1.935058e+00 1.890460e+01 1.920414e+00 1.899222e+01  
2.690000e+02 1.913796e+00 1.891896e+01 1.900333e+00 1.900658e+01  
2.710000e+02 1.894560e+00 1.893304e+01 1.880245e+00 1.902056e+01  
2.730000e+02 1.874484e+00 1.894690e+01 1.861312e+00 1.903418e+01  
2.750000e+02 1.855619e+00 1.896055e+01 1.842277e+00 1.904753e+01  
2.770000e+02 1.836523e+00 1.897394e+01 1.823481e+00 1.906090e+01  
2.790000e+02 1.817743e+00 1.898705e+01 1.804993e+00 1.907404e+01  
2.810000e+02 1.798733e+00 1.899993e+01 1.786816e+00 1.908708e+01  
2.830000e+02 1.780686e+00 1.901264e+01 1.772383e+00 1.909958e+01  
2.850000e+02 1.762788e+00 1.902511e+01 1.754071e+00 1.911181e+01  
2.870000e+02 1.745130e+00 1.903743e+01 1.733754e+00 1.912382e+01  
2.890000e+02 1.727063e+00 1.904948e+01 1.716533e+00 1.913589e+01  
2.910000e+02 1.710575e+00 1.906131e+01 1.699579e+00 1.914789e+01  
2.930000e+02 1.693064e+00 1.907294e+01 1.682841e+00 1.915955e+01  
2.950000e+02 1.676437e+00 1.908441e+01 1.666382e+00 1.917085e+01  
2.970000e+02 1.660021e+00 1.909571e+01 1.650121e+00 1.918203e+01  
2.990000e+02 1.643650e+00 1.910682e+01 1.634099e+00 1.919323e+01  
