1.000000e+00 -4.411812e+00 -2.806275e+00 
3.000000e+00 -5.056052e+00 -2.899363e+00 
5.000000e+00 -4.872377e+00 -2.799613e+00 
7.000000e+00 -4.547639e+00 -2.825067e+00 
9.000000e+00 -4.206386e+00 -2.898728e+00 
1.100000e+01 -3.880430e+00 -2.909093e+00 
1.300000e+01 -3.581069e+00 -2.827208e+00 
1.500000e+01 -3.309054e+00 -2.657823e+00 
1.700000e+01 -3.062783e+00 -2.498399e+00 
1.900000e+01 -2.840619e+00 -2.381347e+00 
2.100000e+01 -2.640091e+00 -2.286557e+00 
2.300000e+01 -2.457773e+00 -2.173990e+00 
2.500000e+01 -2.292905e+00 -2.027746e+00 
2.700000e+01 -2.142327e+00 -1.890397e+00 
2.900000e+01 -2.005056e+00 -1.783357e+00 
3.100000e+01 -1.879663e+00 -1.705271e+00 
3.300000e+01 -1.764853e+00 -1.629313e+00 
3.500000e+01 -1.659253e+00 -1.539196e+00 
3.700000e+01 -1.562152e+00 -1.445677e+00 
3.900000e+01 -1.472903e+00 -1.365084e+00 
4.100000e+01 -1.390226e+00 -1.302344e+00 
4.300000e+01 -1.313682e+00 -1.248810e+00 
4.500000e+01 -1.242806e+00 -1.193857e+00 
4.700000e+01 -1.176940e+00 -1.135305e+00 
4.900000e+01 -1.115667e+00 -1.078345e+00 
5.100000e+01 -1.058575e+00 -1.026216e+00 
5.300000e+01 -1.005316e+00 -9.787275e-01 
5.500000e+01 -9.555673e-01 -9.331164e-01 
5.700000e+01 -9.090400e-01 -8.880744e-01 
5.900000e+01 -8.654255e-01 -8.442994e-01 
6.100000e+01 -8.246353e-01 -8.024467e-01 
6.300000e+01 -7.861605e-01 -7.638109e-01 
6.500000e+01 -7.500656e-01 -7.277352e-01 
6.700000e+01 -7.157563e-01 -6.947667e-01 
6.900000e+01 -6.840665e-01 -6.644396e-01 
7.100000e+01 -6.537561e-01 -6.361599e-01 
7.300000e+01 -6.252007e-01 -6.096231e-01 
7.500000e+01 -5.980826e-01 -5.848568e-01 
7.700000e+01 -5.724101e-01 -5.620850e-01 
7.900000e+01 -5.480263e-01 -5.410964e-01 
8.100000e+01 -5.248130e-01 -5.212271e-01 
8.300000e+01 -5.028936e-01 -5.018492e-01 
8.500000e+01 -4.821643e-01 -4.836390e-01 
8.700000e+01 -4.626410e-01 -4.668993e-01 
8.900000e+01 -4.445551e-01 -4.515415e-01 
9.100000e+01 -4.280403e-01 -4.365339e-01 
9.300000e+01 -4.132764e-01 -4.215661e-01 
9.500000e+01 -4.003440e-01 -4.072072e-01 
9.700000e+01 -3.891490e-01 -3.941042e-01 
9.900000e+01 -3.794300e-01 -3.824643e-01 
1.010000e+02 -3.708013e-01 -3.713282e-01 
1.030000e+02 -3.628506e-01 -3.604510e-01 
1.050000e+02 -3.551063e-01 -3.498148e-01 
1.070000e+02 -3.472912e-01 -3.400451e-01 
1.090000e+02 -3.392382e-01 -3.312040e-01 
1.110000e+02 -3.308400e-01 -3.227816e-01 
1.130000e+02 -3.221392e-01 -3.141938e-01 
1.150000e+02 -3.131559e-01 -3.052575e-01 
1.170000e+02 -3.039852e-01 -2.963688e-01 
1.190000e+02 -2.946958e-01 -2.877304e-01 
1.210000e+02 -2.854136e-01 -2.793941e-01 
1.230000e+02 -2.761947e-01 -2.710007e-01 
1.250000e+02 -2.671009e-01 -2.625673e-01 
1.270000e+02 -2.581403e-01 -2.540277e-01 
1.290000e+02 -2.494347e-01 -2.456575e-01 
1.310000e+02 -2.409499e-01 -2.375067e-01 
1.330000e+02 -2.327147e-01 -2.294917e-01 
1.350000e+02 -2.247547e-01 -2.222548e-01 
1.370000e+02 -2.170586e-01 -2.150677e-01 
1.390000e+02 -2.096409e-01 -2.081123e-01 
1.410000e+02 -2.025191e-01 -2.020057e-01 
1.430000e+02 -1.956548e-01 -1.947061e-01 
1.450000e+02 -1.890522e-01 -1.884750e-01 
1.470000e+02 -1.827265e-01 -1.825885e-01 
1.490000e+02 -1.766430e-01 -1.768172e-01 
1.510000e+02 -1.708285e-01 -1.703044e-01 
1.530000e+02 -1.652034e-01 -1.656202e-01 
1.550000e+02 -1.598196e-01 -1.603690e-01 
1.570000e+02 -1.546698e-01 -1.553714e-01 
1.590000e+02 -1.497183e-01 -1.504498e-01 
1.610000e+02 -1.449634e-01 -1.455971e-01 
1.630000e+02 -1.404089e-01 -1.408610e-01 
1.650000e+02 -1.360255e-01 -1.364374e-01 
1.670000e+02 -1.318220e-01 -1.322352e-01 
1.690000e+02 -1.277838e-01 -1.281946e-01 
1.710000e+02 -1.239055e-01 -1.241812e-01 
1.730000e+02 -1.201768e-01 -1.202795e-01 
1.750000e+02 -1.165908e-01 -1.145208e-01 
1.770000e+02 -1.131461e-01 -1.131884e-01 
1.790000e+02 -1.098318e-01 -1.099139e-01 
1.810000e+02 -1.066430e-01 -1.067446e-01 
1.830000e+02 -1.035749e-01 -1.035967e-01 
1.850000e+02 -1.006162e-01 -1.005486e-01 
1.870000e+02 -9.776887e-02 -9.771000e-02 
1.890000e+02 -9.502571e-02 -9.500446e-02 
1.910000e+02 -9.238171e-02 -9.241474e-02 
1.930000e+02 -8.983319e-02 -8.988263e-02 
1.950000e+02 -8.737614e-02 -8.742156e-02 
1.970000e+02 -8.500650e-02 -8.506415e-02 
1.990000e+02 -8.272000e-02 -8.278737e-02 
2.010000e+02 -8.051367e-02 -8.065665e-02 
2.030000e+02 -7.838064e-02 -7.858322e-02 
2.050000e+02 -7.632188e-02 -7.658608e-02 
2.070000e+02 -7.433068e-02 -7.458212e-02 
2.090000e+02 -7.240588e-02 -7.261809e-02 
2.110000e+02 -7.054457e-02 -7.073234e-02 
2.130000e+02 -6.873429e-02 -6.897435e-02 
2.150000e+02 -6.700405e-02 -6.730041e-02 
2.170000e+02 -6.531933e-02 -6.564810e-02 
2.190000e+02 -6.369075e-02 -6.400178e-02 
2.210000e+02 -6.211533e-02 -6.238095e-02 
2.230000e+02 -6.059141e-02 -6.085935e-02 
2.250000e+02 -5.911663e-02 -5.939311e-02 
2.270000e+02 -5.768989e-02 -5.797151e-02 
2.290000e+02 -5.630849e-02 -5.653256e-02 
2.310000e+02 -5.497061e-02 -5.513464e-02 
2.330000e+02 -5.367370e-02 -5.379759e-02 
2.350000e+02 -5.241697e-02 -5.253218e-02 
2.370000e+02 -5.119719e-02 -5.130035e-02 
2.390000e+02 -5.001356e-02 -5.006405e-02 
2.410000e+02 -4.886471e-02 -4.887164e-02 
2.430000e+02 -4.775140e-02 -4.774044e-02 
2.450000e+02 -4.666627e-02 -4.670167e-02 
2.470000e+02 -4.560998e-02 -4.568789e-02 
2.490000e+02 -4.459653e-02 -4.469133e-02 
2.510000e+02 -4.360749e-02 -4.369528e-02 
2.530000e+02 -4.264792e-02 -4.274720e-02 
2.550000e+02 -4.171647e-02 -4.184932e-02 
2.570000e+02 -4.081274e-02 -4.097803e-02 
2.590000e+02 -3.993456e-02 -4.014365e-02 
2.610000e+02 -3.908217e-02 -3.929910e-02 
2.630000e+02 -3.825466e-02 -3.847201e-02 
2.650000e+02 -3.744975e-02 -3.764423e-02 
2.670000e+02 -3.666579e-02 -3.685239e-02 
2.690000e+02 -3.590353e-02 -3.607768e-02 
2.710000e+02 -3.516521e-02 -3.531811e-02 
2.730000e+02 -3.444340e-02 -3.460253e-02 
2.750000e+02 -3.374268e-02 -3.386494e-02 
2.770000e+02 -3.306163e-02 -3.314212e-02 
2.790000e+02 -3.239888e-02 -3.245048e-02 
2.810000e+02 -3.174340e-02 -3.181543e-02 
2.830000e+02 -3.112648e-02 -3.120187e-02 
2.850000e+02 -3.051391e-02 -3.059659e-02 
2.870000e+02 -2.991848e-02 -2.997653e-02 
2.890000e+02 -2.933940e-02 -2.938271e-02 
2.910000e+02 -2.877435e-02 -2.881916e-02 
2.930000e+02 -2.822379e-02 -2.829130e-02 
2.950000e+02 -2.768919e-02 -2.776266e-02 
2.970000e+02 -2.716918e-02 -2.725644e-02 
2.990000e+02 -2.666138e-02 -2.668974e-02 
