# r (Mpc/h)              xi                       xi0                      xi2                       xi4
10.416666666666668 0.9078692 1.13673558966 -0.46608830579800004 0.213624377901
14.583333333333334 0.4892923 0.5995581284376666 -0.318794174787 0.0684109617472
18.75 0.2976303 0.36179618093966665 -0.21539300913099999 0.033461151506499996
22.916666666666668 0.1923199 0.234661380117 -0.15144525471 0.0173895434886
27.083333333333336 0.1310458 0.160318884603 -0.11272397442666666 0.0130487047062
31.25 0.09265093 0.11346104866566668 -0.0869443948361 0.009498913591753333
35.41666666666667 0.06651053 0.08192462877356667 -0.06891302744673335 0.00753156631571
39.583333333333336 0.04832546 0.05975520722276667 -0.05641931411343334 0.006043868371513334
43.75 0.03580544 0.0442054386502 -0.04706746501166666 0.004618560808256666
47.91666666666667 0.0264505 0.033109732756966666 -0.0391462355286 0.0035892080248166665
52.083333333333336 0.0202953 0.025301425847133335 -0.033485689042366665 0.0027842238963333332
56.25 0.01552141 0.019286578250833335 -0.028531432897833334 0.0023741494824766666
60.41666666666667 0.01177636 0.014820172905133334 -0.0242785956603 0.0020560275915766668
64.58333333333334 0.009237519 0.011645507157566667 -0.0211598013513 0.0022504831908566666
68.75 0.007190152 0.008989230694426668 -0.018297206536166667 0.0019888292043233335
72.91666666666667 0.005589959 0.007011464836846666 -0.016362575228799997 0.0016600707783899998
77.08333333333334 0.004203835 0.00556656437415 -0.014023512657599999 0.0014063489048733334
81.25 0.003366043 0.00449272615103 -0.0121007021794 0.0006269153002186667
85.41666666666667 0.00311995 0.004237548185783333 -0.010609827149766667 0.00021565912975933334
89.58333333333334 0.003322159 0.0044003762811166665 -0.00953089584289 0.0003163704339935334
93.75 0.004023089 0.005010554501983334 -0.008560754146013332 -0.00015549865208433332
97.91666666666667 0.004782309 0.0055259261382900006 -0.007953274566140001 -0.00036516561201606666
102.08333333333334 0.004925426 0.005433628000226666 -0.007263986699226667 -0.00036071565597700005
106.25 0.004193882 0.004657401885716666 -0.0066841134314933335 -0.00011618730314833334
110.41666666666667 0.002815666 0.0033772619365266664 -0.006061906470436668 -0.00022220945625500002
114.58333333333334 0.001704006 0.0019850111552333336 -0.00572337084078 0.0001918239765013333
118.75 0.0005417323 0.0008032479967346667 -0.00519389487079 0.0003909808416366666
122.91666666666667 -6.259976e-05 -2.1858545271666673e-06 -0.005176597306153333 0.00034989230600333327
127.08333333333334 -0.0006196395 -0.0006022457727486667 -0.00468888531795 0.0004892965456433332
131.25 -0.0008884291 -0.0009284674930376667 -0.004409962113383334 0.0007060970267373333
135.41666666666669 -0.0009650035 -0.00119603824158 -0.00422676375337 0.0008816151497466665
139.58333333333334 -0.0008176011 -0.0010406905628713332 -0.0037881254865666666 0.0008841848746093333
143.75 -0.0008885545 -0.0010364997341143333 -0.0035127152809633333 0.000515841866727
147.91666666666669 -0.0008542225 -0.000988195779343 -0.0032052713340633334 0.000399919953984
152.08333333333334 -0.000850543 -0.0009881798238213335 -0.0029087491058066663 0.0006015372671928334
156.25 -0.0007149265 -0.0008830687088596667 -0.0026632996981933335 0.0006233749007176667
160.41666666666669 -0.0006870481 -0.0008625678794106666 -0.002662351866223333 0.00030806589074017
164.58333333333334 -0.0007425677 -0.0008402879174686666 -0.002332082042543333 -1.4184041244800005e-05
168.75 -0.0006646239 -0.0008258649423463334 -0.0021598477468266664 -0.000177954375726
172.91666666666669 -0.0006350454 -0.0007832105561256667 -0.002057160259375333 -0.0003801643563826667
177.08333333333334 -0.0006417432 -0.00079238509891 -0.0020397652341466667 -0.00024440261182366666
181.25 -0.0005410581 -0.0006769522211016667 -0.0017310672195283332 -7.047358095000002e-06
185.41666666666669 -0.0004997466 -0.0006231455867446667 -0.0016301140303973333 0.00021849536505400002
189.58333333333334 -0.0005199482 -0.0006757006125173333 -0.00168360957141 0.000513506182496
193.75 -0.0005350043 -0.0006804533827073333 -0.0014994300784146666 0.0007631042221476667
197.91666666666669 -0.0005008206 -0.0006153615605193333 -0.001320326542811 0.0008408198290133333
202.08333333333334 -0.0005088939 -0.000611666381303 -0.0012046161479773332 0.0005474130002949667
206.25 -0.0005425545 -0.00064266396615 -0.001079853810745 0.0007509061614086667
210.41666666666669 -0.0004378505 -0.0005895057689226667 -0.0011651010440530002 0.0007746110190530001
214.58333333333334 -0.0005697351 -0.0006230952530566667 -0.0009546167693686667 0.0008419003503316666
218.75 -0.0005094703 -0.000633546679282 -0.0009195247319143334 0.0009150014494663334
222.91666666666669 -0.0004686012 -0.0005638121300743333 -0.000867536462897 0.0009820381934543332
227.08333333333334 -0.0004062369 -0.0005362297652043333 -0.0008979939870786667 0.001041909356165
231.25 -0.0004248806 -0.000524950329098 -0.000819921684066 0.0008639728991319999
235.41666666666669 -0.0003541131 -0.00048345131252000004 -0.0007318283798706666 0.000862769542046
239.58333333333334 -0.0003935571 -0.00048345431374 -0.000703236273456 0.0009488824765053333
243.75 -0.000457969 -0.0005280595522126666 -0.0005896311790126667 0.0009478166475379999
247.91666666666669 -0.0004100973 -0.0005328136415573333 -0.0005299400654066666 0.0009697504583469999
