# r (Mpc/h)              xi                       xi0                      xi2                       xi4
10.416666666666668 0.7740716 0.9987484449906666 -0.3399553464046667 0.19429085709466665
14.583333333333334 0.4205385 0.5333337098896667 -0.2624140048716666 0.06613294038880001
18.75 0.2562818 0.323653822239 -0.18970066832433333 0.030325382406633333
22.916666666666668 0.1669224 0.21107004704966667 -0.138914248592 0.017707048264199998
27.083333333333336 0.1140423 0.14448150740899998 -0.10617025082966668 0.012170146568566667
31.25 0.08012564 0.10201819131533334 -0.0831582173497 0.009563261957126666
35.41666666666667 0.05795804 0.07407944595893333 -0.06714043669876667 0.0070582903027999995
39.583333333333336 0.042453 0.0542033437222 -0.055319134639400004 0.00540235611292
43.75 0.03091284 0.03996541378093333 -0.04592615589403334 0.004541530583876667
47.91666666666667 0.02329862 0.030242149817966666 -0.03914783233106666 0.0038319248102233333
52.083333333333336 0.01788398 0.02312453810396667 -0.0331138865031 0.003214882076393333
56.25 0.01366623 0.01775496970773333 -0.028433975025866667 0.00270459985669
60.41666666666667 0.01058907 0.013683339584933334 -0.024656915903133333 0.002165133164746667
64.58333333333334 0.008021567 0.010555238152799998 -0.0214470395624 0.0020444413848733334
68.75 0.006009055 0.007935949341723333 -0.018665488467833332 0.0018065926816833334
72.91666666666667 0.00469942 0.006327746654876666 -0.01643379667323333 0.0010607051071666667
77.08333333333334 0.003680491 0.005063696413526667 -0.014292035547766667 0.0010576584617066666
81.25 0.00296029 0.004212899842553333 -0.012492172767733333 0.0008153123552706666
85.41666666666667 0.002694774 0.0038566864536866666 -0.010799843303963335 0.00019872481173793333
89.58333333333334 0.00283335 0.003998938968656667 -0.009746889370486666 0.00015105814434833334
93.75 0.003572024 0.00439728304674 -0.008879322049183333 -7.77660513703e-05
97.91666666666667 0.003986098 0.0046682604400633335 -0.008174269924249999 -1.3802311911333283e-05
102.08333333333334 0.003875751 0.004402551579946667 -0.0075334825561900005 -9.404677257466669e-05
106.25 0.003267912 0.0037288367325533332 -0.0069114560861033335 -0.0002763824019513333
110.41666666666667 0.002315581 0.00275813398377 -0.00631224244086 -0.0002577017756347333
114.58333333333334 0.001354665 0.0016947171427933335 -0.0057477485107066675 6.225702167846665e-05
118.75 0.0004444524 0.000696991256859 -0.00539622150164 5.7288892169866675e-05
122.91666666666667 -0.0002004644 -0.00012754173930696667 -0.005112518280496667 2.9333212743666672e-05
127.08333333333334 -0.0006295743 -0.0006271824883136667 -0.004900288753276667 0.0002463827066776667
131.25 -0.0008094925 -0.000942787186305 -0.004485699703143334 0.0005212739528116666
135.41666666666669 -0.0009751003 -0.001096279914364 -0.0042531559388666665 0.0005888311920473334
139.58333333333334 -0.0008331316 -0.001020562010488 -0.003873826776026667 0.00045013594328333333
143.75 -0.0008537485 -0.0009861889900223332 -0.0034800066341200003 0.000392998519207
147.91666666666669 -0.0007737921 -0.0009461941817683334 -0.00333875654274 0.0005364952071397667
152.08333333333334 -0.0006938219 -0.000887141789594 -0.003026378818613333 0.0006301458482086666
156.25 -0.0006736741 -0.000810495399161 -0.0027254616700733334 0.0006081012982766667
160.41666666666669 -0.0005465303 -0.0007427656569100001 -0.0027084611391866666 0.000336245067296
164.58333333333334 -0.0006631285 -0.000817467722244 -0.002328685013503333 0.00014898855761793334
168.75 -0.0006297505 -0.0007830378467783332 -0.00220381081011 -5.563365923720001e-05
172.91666666666669 -0.0005942843 -0.000727337248897 -0.00210718908832 -0.00019776299686620003
177.08333333333334 -0.0004809409 -0.0006623999471666668 -0.002038829830606667 -0.00017268918418100003
181.25 -0.0004183887 -0.000516828097113 -0.00175778017794 -2.4282051378333336e-05
185.41666666666669 -0.0003674201 -0.00048222902371400004 -0.0016634518335333333 0.00023533950832433333
189.58333333333334 -0.0004123243 -0.0005691932609856667 -0.0017128434439466669 0.0004950142369193333
193.75 -0.000449754 -0.0005858501889823333 -0.0015120636779643332 0.0005629227267593334
197.91666666666669 -0.0004562449 -0.0005578316603606667 -0.0013934059203700002 0.0007098387319823333
202.08333333333334 -0.0004026537 -0.0005605297297963333 -0.0013048634581806669 0.0007373880776603333
206.25 -0.0005242378 -0.0006077640322526666 -0.001159590862883 0.000692846856332
210.41666666666669 -0.0004836195 -0.0006125206903003334 -0.001104348135952 0.0008739263536303334
214.58333333333334 -0.0004832832 -0.0005749271856786666 -0.0010463720466406666 0.0009938846235426667
218.75 -0.0004545898 -0.000599822017346 -0.0009766203350153333 0.000964279802814
222.91666666666669 -0.0004915666 -0.0005979258812543333 -0.000889159003673 0.0009225648180183334
227.08333333333334 -0.0004627989 -0.000583023463544 -0.00085622538431 0.0010017226145906668
231.25 -0.0004382278 -0.0005235582833343333 -0.000790416964699 0.0008602092422656666
235.41666666666669 -0.0003786138 -0.0004774176137533333 -0.0007205781501163332 0.0008194543145150001
239.58333333333334 -0.000335516 -0.000449991414534 -0.0007336874874043333 0.000770941863798
243.75 -0.0003491134 -0.0004704405252963333 -0.0006245978851816667 0.0008213916041613332
247.91666666666669 -0.0003378538 -0.00043579952099799996 -0.000584305332928 0.000714244023515
