# r (Mpc/h)  xi_lin
10.25 0.128339
10.5 0.122705
10.75 0.118389
11 0.113336
11.25 0.109471
11.5 0.104921
11.75 0.101448
12 0.0973369
12.25 0.094205
12.5 0.090478
12.75 0.0876455
13 0.0842563
13.25 0.0816873
13.5 0.0785965
13.75 0.0762604
14 0.0734343
14.25 0.0713048
14.5 0.0687143
14.75 0.0667686
15 0.0643886
15.25 0.0626071
15.5 0.0604156
15.75 0.0587812
16 0.0567591
16.25 0.0552568
16.5 0.0533874
16.75 0.052004
17 0.0502727
17.25 0.0489967
17.5 0.0473904
17.75 0.0462116
18 0.0447189
18.25 0.0436283
18.5 0.0422389
18.75 0.0412285
19 0.0399334
19.25 0.0389959
19.5 0.037787
19.75 0.0369162
20 0.0357861
20.25 0.0349761
20.5 0.0339184
20.75 0.0331642
21 0.0321729
21.25 0.0314699
21.5 0.0305398
21.75 0.0298838
22 0.0290102
22.25 0.0283975
22.5 0.027576
22.75 0.0270031
23 0.0262299
23.25 0.0256938
23.5 0.0249652
23.75 0.0244631
24 0.023776
24.25 0.0233053
24.5 0.0226565
24.75 0.0222149
25 0.0216019
25.25 0.0211873
25.5 0.0206075
25.75 0.0202179
26 0.0196691
26.25 0.0193028
26.5 0.0187828
26.75 0.0184382
27 0.0179451
27.25 0.0176206
27.5 0.0171528
27.75 0.0168472
28 0.016403
28.25 0.0161149
28.5 0.0156928
28.75 0.0154211
29 0.0150197
29.25 0.0147633
29.5 0.0143815
29.75 0.0141394
30 0.0137758
30.25 0.0135472
30.5 0.0132008
30.75 0.0129848
31 0.0126546
31.25 0.0124503
31.5 0.0121353
31.75 0.0119421
32 0.0116415
32.25 0.0114587
32.5 0.0111716
32.75 0.0109985
33 0.0107242
33.25 0.0105603
33.5 0.0102981
33.75 0.0101428
34 0.00989193
34.25 0.00974479
34.5 0.0095047
34.75 0.00936521
35 0.00913532
35.25 0.00900303
35.5 0.00878278
35.75 0.00865728
36 0.00844616
36.25 0.00832707
36.5 0.00812461
36.75 0.00801156
37 0.00781731
37.25 0.00770997
37.5 0.00752353
37.75 0.0074216
38 0.00724256
38.25 0.00714573
38.5 0.00697372
38.75 0.00688171
39 0.00671639
39.25 0.00662895
39.5 0.00647
39.75 0.00638691
40 0.00623402
40.25 0.00615503
40.5 0.00600791
40.75 0.0059328
41 0.00579119
41.25 0.00571977
41.5 0.00558342
41.75 0.00551552
42 0.00538417
42.25 0.00531959
42.5 0.00519303
42.75 0.00513163
43 0.00500964
43.25 0.00495125
43.5 0.00483361
43.75 0.00477806
44 0.00466458
44.25 0.00461172
44.5 0.00450221
44.75 0.00445193
45 0.00434621
45.25 0.00429837
45.5 0.00419627
45.75 0.00415073
46 0.0040521
46.25 0.00400877
46.5 0.00391346
46.75 0.00387223
47 0.0037801
47.25 0.00374086
47.5 0.00365176
47.75 0.00361441
48 0.00352823
48.25 0.00349268
48.5 0.0034093
48.75 0.00337548
49 0.00329478
49.25 0.00326261
49.5 0.0031845
49.75 0.00315391
50 0.00307827
50.25 0.00304919
50.5 0.00297595
50.75 0.00294831
51 0.00287736
51.25 0.00285109
51.5 0.00278234
51.75 0.00275738
52 0.00269074
52.25 0.00266703
52.5 0.00260242
52.75 0.0025799
53 0.00251723
53.25 0.00249584
53.5 0.00243505
53.75 0.00241473
54 0.00235574
54.25 0.00233645
54.5 0.00227919
54.75 0.00226088
55 0.00220528
55.25 0.00218791
55.5 0.0021339
55.75 0.00211743
56 0.00206496
56.25 0.00204933
56.5 0.00199833
56.75 0.00198351
57 0.00193394
57.25 0.00191988
57.5 0.00187168
57.75 0.00185836
58 0.00181148
58.25 0.00179887
58.5 0.00175326
58.75 0.00174134
59 0.00169697
59.25 0.0016857
59.5 0.00164253
59.75 0.00163188
60 0.00158987
60.25 0.00157982
60.5 0.00153892
60.75 0.00152945
61 0.00148962
61.25 0.0014807
61.5 0.00144191
61.75 0.0014335
62 0.00139571
62.25 0.0013878
62.5 0.00135097
62.75 0.00134353
63 0.00130763
63.25 0.00130063
63.5 0.00126561
63.75 0.00125903
64 0.00122486
64.25 0.00121867
64.5 0.00118532
64.75 0.00117951
65 0.00114695
65.25 0.0011415
65.5 0.0011097
65.75 0.00110458
66 0.00107353
66.25 0.00106873
66.5 0.00103838
66.75 0.00103388
67 0.00100422
67.25 0.00100002
67.5 0.000971021
67.75 0.000967101
68 0.000938752
68.25 0.000935102
68.5 0.00090738
68.75 0.000903987
69 0.00087687
69.25 0.000873721
69.5 0.000847189
69.75 0.000844272
70 0.000818308
70.25 0.000815612
70.5 0.000790198
70.75 0.000787715
71 0.000762835
71.25 0.000760555
71.5 0.000736192
71.75 0.000734104
72 0.000710239
72.25 0.000708332
72.5 0.000684949
72.75 0.000683212
73 0.000660293
73.25 0.000658717
73.5 0.000636248
73.75 0.000634824
74 0.000612792
74.25 0.000611514
74.5 0.000589908
74.75 0.000588771
75 0.000567582
75.25 0.000566587
75.5 0.00054581
75.75 0.000544956
76 0.000524589
76.25 0.00052388
76.5 0.00050392
76.75 0.00050336
77 0.000483806
77.25 0.000483401
77.5 0.000464256
77.75 0.000464014
78 0.000445282
78.25 0.000445213
78.5 0.000426903
78.75 0.000427022
79 0.000409143
79.25 0.000409465
79.5 0.00039203
79.75 0.000392573
80 0.000375595
80.25 0.000376378
80.5 0.000359875
80.75 0.000360921
81 0.000344913
81.25 0.000346248
81.5 0.000330758
81.75 0.000332412
82 0.000317467
82.25 0.000319473
82.5 0.000305106
82.75 0.000307502
83 0.000293749
83.25 0.000296576
83.5 0.000283476
83.75 0.000286781
84 0.00027438
84.25 0.000278212
84.5 0.000266559
84.75 0.000270972
85 0.000260118
85.25 0.000265168
85.5 0.000255165
85.75 0.00026091
86 0.000251813
86.25 0.000258308
86.5 0.000250167
86.75 0.000257466
87 0.000250332
87.25 0.000258484
87.5 0.000252398
87.75 0.000261445
88 0.000256442
88.25 0.000266416
88.5 0.00026252
88.75 0.000273441
89 0.000270663
89.25 0.000282539
89.5 0.000280876
89.75 0.000293699
90 0.000293131
90.25 0.000306876
90.5 0.000307368
90.75 0.000321991
91 0.000323488
91.25 0.000338928
91.5 0.000341355
91.75 0.00035753
92 0.000360794
92.25 0.000377604
92.5 0.000381594
92.75 0.000398922
93 0.000403509
93.25 0.000421223
93.5 0.000426268
93.75 0.000444223
94 0.000449572
94.25 0.000467615
94.5 0.000473109
94.75 0.000491077
95 0.000496552
95.25 0.000514284
95.5 0.000519574
95.75 0.000536906
96 0.000541847
96.25 0.000558621
96.5 0.000563057
96.75 0.000579122
97 0.000582905
97.25 0.000598121
97.5 0.000601114
97.75 0.000615353
98 0.000617436
98.25 0.000630589
98.5 0.000631658
98.75 0.000643632
99 0.000643604
99.25 0.000654327
99.5 0.000653138
99.75 0.000662558
100 0.000660165
100.25 0.000668252
100.5 0.000664631
100.75 0.000671372
101 0.00066652
101.25 0.000671924
101.5 0.000665855
101.75 0.000669945
102 0.00066269
102.25 0.000665508
102.5 0.000657114
102.75 0.000658714
103 0.000649241
103.25 0.000649691
103.5 0.00063921
103.75 0.000638586
104 0.000627176
104.25 0.000625564
104.5 0.000613312
104.75 0.0006108
105 0.000597796
105.25 0.000594479
105.5 0.000580816
105.75 0.000576787
106 0.000562557
106.25 0.00055791
106.5 0.000543204
106.75 0.000538031
107 0.000522938
107.25 0.000517328
107.5 0.000501933
107.75 0.000495969
108 0.000480353
108.25 0.000474116
108.5 0.000458355
108.75 0.000451918
109 0.000436083
109.25 0.000429517
109.5 0.000413673
109.75 0.000407039
110 0.000391246
110.25 0.000384603
110.5 0.000368913
110.75 0.000362314
111 0.000346775
111.25 0.000340264
111.5 0.000324918
111.75 0.000318536
112 0.00030342
112.25 0.000297202
112.5 0.000282346
112.75 0.000276323
113 0.000261755
113.25 0.000255951
113.5 0.000241694
113.75 0.000236132
114 0.000222203
114.25 0.000216899
114.5 0.000203314
114.75 0.000198282
115 0.000185051
115.25 0.000180301
115.5 0.000167432
115.75 0.000162972
116 0.00015047
116.25 0.000146304
116.5 0.000134171
116.75 0.000130302
117 0.000118537
117.25 0.000114964
117.5 0.000103566
117.75 0.000100288
118 8.92531e-05
118.25 8.62648e-05
118.5 7.55877e-05
118.75 7.28842e-05
119 6.25576e-05
119.25 6.01323e-05
119.5 5.01481e-05
119.75 4.79932e-05
120 3.83426e-05
120.25 3.645e-05
120.5 2.71237e-05
120.75 2.5485e-05
121 1.64738e-05
121.25 1.50803e-05
121.5 6.37467e-06
121.75 5.21788e-06
122 -3.1916e-06
122.25 -4.12039e-06
122.5 -1.22431e-05
122.75 -1.29526e-05
123 -2.0798e-05
123.25 -2.1297e-05
123.5 -2.8875e-05
123.75 -2.91725e-05
124 -3.64927e-05
124.25 -3.65978e-05
124.5 -4.36699e-05
124.75 -4.35915e-05
125 -5.04251e-05
125.25 -5.0172e-05
125.5 -5.67766e-05
125.75 -5.63571e-05
126 -6.27416e-05
126.25 -6.21642e-05
126.5 -6.83375e-05
126.75 -6.761e-05
127 -7.35806e-05
127.25 -7.27109e-05
127.5 -7.84872e-05
127.75 -7.74829e-05
128 -8.30729e-05
128.25 -8.19414e-05
128.5 -8.73534e-05
128.75 -8.61021e-05
129 -9.13438e-05
129.25 -8.99797e-05
129.5 -9.50588e-05
129.75 -9.3589e-05
130 -9.85129e-05
130.25 -9.69438e-05
130.5 -0.00010172
130.75 -0.000100058
131 -0.000104692
131.25 -0.000102943
131.5 -0.000107442
131.75 -0.000105611
132 -0.000109981
132.25 -0.000108074
132.5 -0.000112321
132.75 -0.000110343
133 -0.000114471
133.25 -0.000112426
133.5 -0.000116441
133.75 -0.000114334
134 -0.000118241
134.25 -0.000116075
134.5 -0.000119878
134.75 -0.000117658
135 -0.000121362
135.25 -0.000119092
135.5 -0.0001227
135.75 -0.000120383
136 -0.0001239
136.25 -0.000121541
136.5 -0.000124971
136.75 -0.000122572
137 -0.00012592
137.25 -0.000123484
137.5 -0.000126753
137.75 -0.000124285
138 -0.000127478
138.25 -0.000124981
138.5 -0.000128102
138.75 -0.000125577
139 -0.00012863
139.25 -0.000126081
139.5 -0.000129068
139.75 -0.000126498
140 -0.000129422
140.25 -0.000126832
140.5 -0.000129697
140.75 -0.00012709
141 -0.000129897
141.25 -0.000127275
141.5 -0.000130027
141.75 -0.000127392
142 -0.000130091
142.25 -0.000127445
142.5 -0.000130094
142.75 -0.000127438
143 -0.000130039
143.25 -0.000127375
143.5 -0.00012993
143.75 -0.000127259
144 -0.000129769
144.25 -0.000127093
144.5 -0.00012956
144.75 -0.00012688
145 -0.000129306
145.25 -0.000126623
145.5 -0.000129009
145.75 -0.000126325
146 -0.000128672
146.25 -0.000125987
146.5 -0.000128297
146.75 -0.000125612
147 -0.000127887
147.25 -0.000125204
147.5 -0.000127444
147.75 -0.000124763
148 -0.00012697
148.25 -0.000124293
148.5 -0.000126468
148.75 -0.000123795
149 -0.00012594
149.25 -0.000123272
149.5 -0.000125388
149.75 -0.000122725
150 -0.000124813
150.25 -0.000122157
150.5 -0.000124218
150.75 -0.000121569
151 -0.000123604
151.25 -0.000120963
151.5 -0.000122973
151.75 -0.00012034
152 -0.000122326
152.25 -0.000119702
152.5 -0.000121664
152.75 -0.000119049
153 -0.000120988
153.25 -0.000118383
153.5 -0.0001203
153.75 -0.000117705
154 -0.000119599
154.25 -0.000117014
154.5 -0.000118887
154.75 -0.000116313
155 -0.000118165
155.25 -0.000115601
155.5 -0.000117433
155.75 -0.000114879
156 -0.000116691
156.25 -0.000114148
156.5 -0.000115942
156.75 -0.00011341
157 -0.000115185
157.25 -0.000112665
157.5 -0.000114422
157.75 -0.000111914
158 -0.000113653
158.25 -0.000111157
158.5 -0.00011288
158.75 -0.000110397
159 -0.000112103
159.25 -0.000109632
159.5 -0.000111323
159.75 -0.000108865
160 -0.00011054
160.25 -0.000108094
160.5 -0.000109754
160.75 -0.000107322
161 -0.000108967
161.25 -0.000106548
161.5 -0.000108179
161.75 -0.000105774
162 -0.000107391
162.25 -0.000104999
162.5 -0.000106602
162.75 -0.000104223
163 -0.000105814
163.25 -0.000103449
163.5 -0.000105026
163.75 -0.000102674
164 -0.000104239
164.25 -0.000101901
164.5 -0.000103453
164.75 -0.000101128
165 -0.000102668
165.25 -0.000100356
165.5 -0.000101883
165.75 -9.95848e-05
166 -0.0001011
166.25 -9.88146e-05
166.5 -0.000100318
166.75 -9.80456e-05
167 -9.95371e-05
167.25 -9.72781e-05
167.5 -9.87583e-05
167.75 -9.65127e-05
168 -9.79818e-05
168.25 -9.57497e-05
168.5 -9.72082e-05
168.75 -9.49897e-05
169 -9.6438e-05
169.25 -9.42332e-05
169.5 -9.56714e-05
169.75 -9.34805e-05
170 -9.4909e-05
170.25 -9.2732e-05
170.5 -9.41511e-05
170.75 -9.1988e-05
171 -9.33978e-05
171.25 -9.12486e-05
171.5 -9.26495e-05
171.75 -9.05142e-05
172 -9.19061e-05
172.25 -8.97847e-05
172.5 -9.11679e-05
172.75 -8.90603e-05
173 -9.04349e-05
173.25 -8.8341e-05
173.5 -8.97072e-05
173.75 -8.76271e-05
174 -8.8985e-05
174.25 -8.69186e-05
174.5 -8.82684e-05
174.75 -8.62156e-05
175 -8.75574e-05
175.25 -8.55182e-05
175.5 -8.68522e-05
175.75 -8.48267e-05
176 -8.6153e-05
176.25 -8.4141e-05
176.5 -8.54599e-05
176.75 -8.34614e-05
177 -8.47729e-05
177.25 -8.2788e-05
177.5 -8.40924e-05
177.75 -8.21211e-05
178 -8.34185e-05
178.25 -8.14608e-05
178.5 -8.27515e-05
178.75 -8.08074e-05
179 -8.20915e-05
179.25 -8.01611e-05
179.5 -8.14388e-05
179.75 -7.9522e-05
180 -8.07935e-05
180.25 -7.88902e-05
180.5 -8.01556e-05
180.75 -7.82658e-05
181 -7.9525e-05
181.25 -7.76486e-05
181.5 -7.89017e-05
181.75 -7.70384e-05
182 -7.82853e-05
182.25 -7.6435e-05
182.5 -7.76756e-05
182.75 -7.58379e-05
183 -7.70722e-05
183.25 -7.52468e-05
183.5 -7.64745e-05
183.75 -7.46611e-05
184 -7.58821e-05
184.25 -7.40804e-05
184.5 -7.52945e-05
184.75 -7.35042e-05
185 -7.47112e-05
185.25 -7.29321e-05
185.5 -7.4132e-05
185.75 -7.23637e-05
186 -7.35563e-05
186.25 -7.17987e-05
186.5 -7.2984e-05
186.75 -7.12369e-05
187 -7.24148e-05
187.25 -7.06779e-05
187.5 -7.18485e-05
187.75 -7.01217e-05
188 -7.12849e-05
188.25 -6.95682e-05
188.5 -7.07241e-05
188.75 -6.90173e-05
189 -7.0166e-05
189.25 -6.8469e-05
189.5 -6.96105e-05
189.75 -6.79235e-05
190 -6.9058e-05
190.25 -6.73807e-05
190.5 -6.85083e-05
190.75 -6.6841e-05
191 -6.79619e-05
191.25 -6.63045e-05
191.5 -6.74188e-05
191.75 -6.57714e-05
192 -6.68794e-05
192.25 -6.52422e-05
192.5 -6.63442e-05
192.75 -6.47171e-05
193 -6.58133e-05
193.25 -6.41966e-05
193.5 -6.52872e-05
193.75 -6.36811e-05
194 -6.47663e-05
194.25 -6.31707e-05
194.5 -6.42508e-05
194.75 -6.26659e-05
195 -6.37411e-05
195.25 -6.21668e-05
195.5 -6.32373e-05
195.75 -6.16738e-05
196 -6.27397e-05
196.25 -6.11871e-05
196.5 -6.22485e-05
196.75 -6.07068e-05
197 -6.17639e-05
197.25 -6.0233e-05
197.5 -6.1286e-05
197.75 -5.97659e-05
198 -6.08148e-05
198.25 -5.93056e-05
198.5 -6.03506e-05
198.75 -5.88522e-05
199 -5.98932e-05
199.25 -5.84056e-05
199.5 -5.94428e-05
199.75 -5.79659e-05
200 -5.89992e-05
200.25 -5.7533e-05
200.5 -5.85625e-05
200.75 -5.71068e-05
201 -5.81325e-05
201.25 -5.66871e-05
201.5 -5.7709e-05
201.75 -5.62738e-05
202 -5.72917e-05
202.25 -5.58666e-05
202.5 -5.68805e-05
202.75 -5.54651e-05
203 -5.64748e-05
203.25 -5.50691e-05
203.5 -5.60745e-05
203.75 -5.46781e-05
204 -5.5679e-05
204.25 -5.42917e-05
204.5 -5.5288e-05
204.75 -5.39095e-05
205 -5.49011e-05
205.25 -5.35311e-05
205.5 -5.45178e-05
205.75 -5.31562e-05
206 -5.41378e-05
206.25 -5.27843e-05
206.5 -5.37607e-05
206.75 -5.24151e-05
207 -5.33862e-05
207.25 -5.20483e-05
207.5 -5.30141e-05
207.75 -5.16836e-05
208 -5.2644e-05
208.25 -5.13209e-05
208.5 -5.22759e-05
208.75 -5.09601e-05
209 -5.19096e-05
209.25 -5.0601e-05
209.5 -5.1545e-05
209.75 -5.02435e-05
210 -5.1182e-05
210.25 -4.98874e-05
210.5 -5.08205e-05
210.75 -4.95328e-05
211 -5.04604e-05
211.25 -4.91795e-05
211.5 -5.01016e-05
211.75 -4.88274e-05
212 -4.97439e-05
212.25 -4.84764e-05
212.5 -4.93874e-05
212.75 -4.81263e-05
213 -4.90317e-05
213.25 -4.77769e-05
213.5 -4.86767e-05
213.75 -4.74282e-05
214 -4.83222e-05
214.25 -4.70798e-05
214.5 -4.79682e-05
214.75 -4.67318e-05
215 -4.76144e-05
215.25 -4.63839e-05
215.5 -4.72607e-05
215.75 -4.60361e-05
216 -4.69072e-05
216.25 -4.56883e-05
216.5 -4.65538e-05
216.75 -4.53406e-05
217 -4.62006e-05
217.25 -4.49932e-05
217.5 -4.58476e-05
217.75 -4.4646e-05
218 -4.54951e-05
218.25 -4.42994e-05
218.5 -4.51432e-05
218.75 -4.39535e-05
219 -4.47923e-05
219.25 -4.36085e-05
219.5 -4.44424e-05
219.75 -4.32647e-05
220 -4.40938e-05
220.25 -4.29223e-05
220.5 -4.37468e-05
220.75 -4.25816e-05
221 -4.34017e-05
221.25 -4.22428e-05
221.5 -4.30586e-05
221.75 -4.19061e-05
222 -4.27177e-05
222.25 -4.15717e-05
222.5 -4.23793e-05
222.75 -4.12397e-05
223 -4.20433e-05
223.25 -4.09104e-05
223.5 -4.17101e-05
223.75 -4.05837e-05
224 -4.13797e-05
224.25 -4.02599e-05
224.5 -4.10522e-05
224.75 -3.9939e-05
225 -4.07278e-05
225.25 -3.96213e-05
225.5 -4.04066e-05
225.75 -3.93068e-05
226 -4.00888e-05
226.25 -3.89957e-05
226.5 -3.97746e-05
226.75 -3.86883e-05
227 -3.94641e-05
227.25 -3.83847e-05
227.5 -3.91575e-05
227.75 -3.80851e-05
228 -3.88552e-05
228.25 -3.77899e-05
228.5 -3.85573e-05
228.75 -3.74991e-05
229 -3.8264e-05
229.25 -3.72131e-05
229.5 -3.79757e-05
229.75 -3.6932e-05
230 -3.76925e-05
230.25 -3.66562e-05
230.5 -3.74145e-05
230.75 -3.63856e-05
231 -3.71419e-05
231.25 -3.61205e-05
231.5 -3.68749e-05
231.75 -3.58608e-05
232 -3.66133e-05
232.25 -3.56066e-05
232.5 -3.63572e-05
232.75 -3.53578e-05
233 -3.61064e-05
233.25 -3.51142e-05
233.5 -3.58607e-05
233.75 -3.48755e-05
234 -3.56199e-05
234.25 -3.46415e-05
234.5 -3.53837e-05
234.75 -3.44119e-05
235 -3.51517e-05
235.25 -3.41863e-05
235.5 -3.49235e-05
235.75 -3.39643e-05
236 -3.46987e-05
236.25 -3.37455e-05
236.5 -3.4477e-05
236.75 -3.35295e-05
237 -3.42578e-05
237.25 -3.33158e-05
237.5 -3.40408e-05
237.75 -3.31041e-05
238 -3.38256e-05
238.25 -3.28939e-05
238.5 -3.36118e-05
238.75 -3.26849e-05
239 -3.33989e-05
239.25 -3.24767e-05
239.5 -3.31868e-05
239.75 -3.2269e-05
240 -3.29751e-05
240.25 -3.20615e-05
240.5 -3.27635e-05
240.75 -3.18541e-05
241 -3.25518e-05
241.25 -3.16464e-05
241.5 -3.23398e-05
241.75 -3.14382e-05
242 -3.21273e-05
242.25 -3.12295e-05
242.5 -3.19141e-05
242.75 -3.102e-05
243 -3.17001e-05
243.25 -3.08095e-05
243.5 -3.14851e-05
243.75 -3.05981e-05
244 -3.12692e-05
244.25 -3.03856e-05
244.5 -3.10521e-05
244.75 -3.0172e-05
245 -3.08341e-05
245.25 -2.99573e-05
245.5 -3.06149e-05
245.75 -2.97416e-05
246 -3.03948e-05
246.25 -2.95249e-05
246.5 -3.01738e-05
246.75 -2.93074e-05
247 -2.99521e-05
247.25 -2.90892e-05
247.5 -2.97298e-05
247.75 -2.88706e-05
248 -2.95073e-05
248.25 -2.86519e-05
248.5 -2.92848e-05
248.75 -2.84332e-05
249 -2.90626e-05
249.25 -2.8215e-05
249.5 -2.8841e-05
249.75 -2.79975e-05
250 -2.86202e-05
250.25 -2.77811e-05
250.5 -2.84007e-05
250.75 -2.75659e-05
251 -2.81826e-05
251.25 -2.73523e-05
251.5 -2.79662e-05
251.75 -2.71405e-05
252 -2.77517e-05
252.25 -2.69305e-05
252.5 -2.75391e-05
252.75 -2.67225e-05
253 -2.73284e-05
253.25 -2.65165e-05
253.5 -2.71198e-05
253.75 -2.63124e-05
254 -2.69132e-05
254.25 -2.61103e-05
254.5 -2.67085e-05
254.75 -2.59101e-05
255 -2.65057e-05
255.25 -2.57116e-05
255.5 -2.63046e-05
255.75 -2.55148e-05
256 -2.61051e-05
256.25 -2.53196e-05
256.5 -2.59073e-05
256.75 -2.5126e-05
257 -2.5711e-05
257.25 -2.49339e-05
257.5 -2.55164e-05
257.75 -2.47435e-05
258 -2.53234e-05
258.25 -2.45548e-05
258.5 -2.51322e-05
258.75 -2.43679e-05
259 -2.4943e-05
259.25 -2.41831e-05
259.5 -2.47559e-05
259.75 -2.40005e-05
260 -2.45713e-05
260.25 -2.38205e-05
260.5 -2.43894e-05
260.75 -2.36433e-05
261 -2.42103e-05
261.25 -2.3469e-05
261.5 -2.40343e-05
261.75 -2.32978e-05
262 -2.38615e-05
262.25 -2.31299e-05
262.5 -2.3692e-05
262.75 -2.29652e-05
263 -2.35257e-05
263.25 -2.28037e-05
263.5 -2.33626e-05
263.75 -2.26453e-05
264 -2.32024e-05
264.25 -2.24897e-05
264.5 -2.3045e-05
264.75 -2.23366e-05
265 -2.28899e-05
265.25 -2.21856e-05
265.5 -2.27368e-05
265.75 -2.20364e-05
266 -2.25851e-05
266.25 -2.18885e-05
266.5 -2.24346e-05
266.75 -2.17413e-05
267 -2.22846e-05
267.25 -2.15945e-05
267.5 -2.21347e-05
267.75 -2.14475e-05
268 -2.19845e-05
268.25 -2.13001e-05
268.5 -2.18338e-05
268.75 -2.1152e-05
269 -2.16823e-05
269.25 -2.1003e-05
269.5 -2.15298e-05
269.75 -2.0853e-05
270 -2.13764e-05
270.25 -2.07021e-05
270.5 -2.1222e-05
270.75 -2.05503e-05
271 -2.10669e-05
271.25 -2.03978e-05
271.5 -2.09113e-05
271.75 -2.0245e-05
272 -2.07556e-05
272.25 -2.00922e-05
272.5 -2.06e-05
272.75 -1.99397e-05
273 -2.0445e-05
273.25 -1.9788e-05
273.5 -2.0291e-05
273.75 -1.96375e-05
274 -2.01383e-05
274.25 -1.94884e-05
274.5 -1.99873e-05
274.75 -1.93412e-05
275 -1.98384e-05
275.25 -1.91961e-05
275.5 -1.96916e-05
275.75 -1.90534e-05
276 -1.95472e-05
276.25 -1.8913e-05
276.5 -1.94054e-05
276.75 -1.87751e-05
277 -1.92659e-05
277.25 -1.86396e-05
277.5 -1.91289e-05
277.75 -1.85065e-05
278 -1.89942e-05
278.25 -1.83756e-05
278.5 -1.88616e-05
278.75 -1.82466e-05
279 -1.87309e-05
279.25 -1.81194e-05
279.5 -1.86018e-05
279.75 -1.79937e-05
280 -1.8474e-05
280.25 -1.78691e-05
280.5 -1.83473e-05
280.75 -1.77455e-05
281 -1.82215e-05
281.25 -1.76226e-05
281.5 -1.80962e-05
281.75 -1.75002e-05
282 -1.79713e-05
282.25 -1.73781e-05
282.5 -1.78467e-05
282.75 -1.7256e-05
283 -1.77221e-05
283.25 -1.7134e-05
283.5 -1.75974e-05
283.75 -1.70118e-05
284 -1.74726e-05
284.25 -1.68895e-05
284.5 -1.73476e-05
284.75 -1.67669e-05
285 -1.72224e-05
285.25 -1.66441e-05
285.5 -1.7097e-05
285.75 -1.65212e-05
286 -1.69715e-05
286.25 -1.6398e-05
286.5 -1.68458e-05
286.75 -1.62748e-05
287 -1.67201e-05
287.25 -1.61515e-05
287.5 -1.65944e-05
287.75 -1.60283e-05
288 -1.64688e-05
288.25 -1.59053e-05
288.5 -1.63434e-05
288.75 -1.57825e-05
289 -1.62184e-05
289.25 -1.56602e-05
289.5 -1.60939e-05
289.75 -1.55384e-05
290 -1.597e-05
290.25 -1.54172e-05
290.5 -1.58469e-05
290.75 -1.52969e-05
291 -1.57247e-05
291.25 -1.51776e-05
291.5 -1.56036e-05
291.75 -1.50595e-05
292 -1.54838e-05
292.25 -1.49427e-05
292.5 -1.53654e-05
292.75 -1.48274e-05
293 -1.52486e-05
293.25 -1.47138e-05
293.5 -1.51335e-05
293.75 -1.4602e-05
294 -1.50203e-05
294.25 -1.44921e-05
294.5 -1.49091e-05
294.75 -1.43842e-05
295 -1.48e-05
295.25 -1.42784e-05
295.5 -1.4693e-05
295.75 -1.41748e-05
296 -1.45883e-05
296.25 -1.40734e-05
296.5 -1.44858e-05
296.75 -1.39742e-05
297 -1.43854e-05
297.25 -1.38773e-05
297.5 -1.42874e-05
297.75 -1.37825e-05
298 -1.41914e-05
298.25 -1.36899e-05
298.5 -1.40977e-05
298.75 -1.35993e-05
299 -1.4006e-05
299.25 -1.35108e-05
299.5 -1.39163e-05
299.75 -1.34243e-05
300 -1.38286e-05
300.25 -1.33397e-05
300.5 -1.37427e-05
300.75 -1.3257e-05
301 -1.36587e-05
301.25 -1.3176e-05
301.5 -1.35765e-05
301.75 -1.30968e-05
302 -1.3496e-05
302.25 -1.30193e-05
302.5 -1.34172e-05
302.75 -1.29434e-05
303 -1.334e-05
303.25 -1.28691e-05
303.5 -1.32644e-05
303.75 -1.27964e-05
304 -1.31904e-05
304.25 -1.27252e-05
304.5 -1.31178e-05
304.75 -1.26554e-05
305 -1.30466e-05
305.25 -1.25869e-05
305.5 -1.29768e-05
305.75 -1.25198e-05
306 -1.29081e-05
306.25 -1.24538e-05
306.5 -1.28406e-05
306.75 -1.23888e-05
307 -1.27741e-05
307.25 -1.23248e-05
307.5 -1.27085e-05
307.75 -1.22615e-05
308 -1.26435e-05
308.25 -1.21989e-05
308.5 -1.25791e-05
308.75 -1.21366e-05
309 -1.25151e-05
309.25 -1.20747e-05
309.5 -1.24512e-05
309.75 -1.20129e-05
310 -1.23875e-05
310.25 -1.19511e-05
310.5 -1.23236e-05
310.75 -1.18891e-05
311 -1.22596e-05
311.25 -1.18269e-05
311.5 -1.21952e-05
311.75 -1.17643e-05
312 -1.21305e-05
312.25 -1.17012e-05
312.5 -1.20652e-05
312.75 -1.16376e-05
313 -1.19995e-05
313.25 -1.15735e-05
313.5 -1.19332e-05
313.75 -1.15089e-05
314 -1.18663e-05
314.25 -1.14437e-05
314.5 -1.1799e-05
314.75 -1.1378e-05
315 -1.17311e-05
315.25 -1.13117e-05
315.5 -1.16628e-05
315.75 -1.12451e-05
316 -1.15941e-05
316.25 -1.11781e-05
316.5 -1.1525e-05
316.75 -1.11107e-05
317 -1.14556e-05
317.25 -1.1043e-05
317.5 -1.1386e-05
317.75 -1.09751e-05
318 -1.13161e-05
318.25 -1.09069e-05
318.5 -1.12461e-05
318.75 -1.08386e-05
319 -1.11758e-05
319.25 -1.07701e-05
319.5 -1.11055e-05
319.75 -1.07015e-05
320 -1.1035e-05
320.25 -1.06327e-05
320.5 -1.09643e-05
320.75 -1.05638e-05
321 -1.08935e-05
321.25 -1.04947e-05
321.5 -1.08226e-05
321.75 -1.04255e-05
322 -1.07516e-05
322.25 -1.03562e-05
322.5 -1.06804e-05
322.75 -1.02867e-05
323 -1.06092e-05
323.25 -1.02172e-05
323.5 -1.05379e-05
323.75 -1.01476e-05
324 -1.04665e-05
324.25 -1.00779e-05
324.5 -1.03951e-05
324.75 -1.00083e-05
325 -1.03238e-05
325.25 -9.9387e-06
325.5 -1.02525e-05
325.75 -9.86922e-06
326 -1.01814e-05
326.25 -9.7999e-06
326.5 -1.01105e-05
326.75 -9.73081e-06
327 -1.00398e-05
327.25 -9.662e-06
327.5 -9.9695e-06
327.75 -9.59353e-06
328 -9.89955e-06
328.25 -9.52547e-06
328.5 -9.83003e-06
328.75 -9.45785e-06
329 -9.761e-06
329.25 -9.39073e-06
329.5 -9.69247e-06
329.75 -9.32412e-06
330 -9.62449e-06
330.25 -9.25806e-06
330.5 -9.55707e-06
330.75 -9.19256e-06
331 -9.49021e-06
331.25 -9.12761e-06
331.5 -9.42392e-06
331.75 -9.06323e-06
332 -9.3582e-06
332.25 -8.9994e-06
332.5 -9.29303e-06
332.75 -8.93612e-06
333 -9.2284e-06
333.25 -8.87336e-06
333.5 -9.1643e-06
333.75 -8.8111e-06
334 -9.1007e-06
334.25 -8.74933e-06
334.5 -9.03758e-06
334.75 -8.68803e-06
335 -8.97493e-06
335.25 -8.62717e-06
335.5 -8.91272e-06
335.75 -8.56676e-06
336 -8.85096e-06
336.25 -8.50678e-06
336.5 -8.78964e-06
336.75 -8.44723e-06
337 -8.72876e-06
337.25 -8.38812e-06
337.5 -8.66834e-06
337.75 -8.32948e-06
338 -8.60838e-06
338.25 -8.2713e-06
338.5 -8.54892e-06
338.75 -8.21361e-06
339 -8.48995e-06
339.25 -8.15642e-06
339.5 -8.43151e-06
339.75 -8.09976e-06
340 -8.3736e-06
340.25 -8.04364e-06
340.5 -8.31625e-06
340.75 -7.98808e-06
341 -8.25948e-06
341.25 -7.93309e-06
341.5 -8.2033e-06
341.75 -7.8787e-06
342 -8.14772e-06
342.25 -7.82491e-06
342.5 -8.09275e-06
342.75 -7.77172e-06
343 -8.03839e-06
343.25 -7.71914e-06
343.5 -7.98463e-06
343.75 -7.66715e-06
344 -7.93147e-06
344.25 -7.61574e-06
344.5 -7.87889e-06
344.75 -7.5649e-06
345 -7.82687e-06
345.25 -7.5146e-06
345.5 -7.77539e-06
345.75 -7.46481e-06
346 -7.72442e-06
346.25 -7.41552e-06
346.5 -7.67394e-06
346.75 -7.36671e-06
347 -7.62392e-06
347.25 -7.31833e-06
347.5 -7.57434e-06
347.75 -7.27038e-06
348 -7.52518e-06
348.25 -7.22284e-06
348.5 -7.47642e-06
348.75 -7.17568e-06
349 -7.42805e-06
349.25 -7.12891e-06
349.5 -7.38007e-06
349.75 -7.08251e-06
350 -7.33246e-06
350.25 -7.03649e-06
350.5 -7.28525e-06
350.75 -6.99085e-06
351 -7.23843e-06
351.25 -6.94561e-06
351.5 -7.19201e-06
351.75 -6.90077e-06
352 -7.146e-06
352.25 -6.85634e-06
352.5 -7.10042e-06
352.75 -6.81234e-06
353 -7.05527e-06
353.25 -6.76876e-06
353.5 -7.01057e-06
353.75 -6.72563e-06
354 -6.9663e-06
354.25 -6.68293e-06
354.5 -6.92248e-06
354.75 -6.64068e-06
355 -6.87911e-06
355.25 -6.59885e-06
355.5 -6.83616e-06
355.75 -6.55745e-06
356 -6.79363e-06
356.25 -6.51644e-06
356.5 -6.75151e-06
356.75 -6.47583e-06
357 -6.70976e-06
357.25 -6.43557e-06
357.5 -6.66836e-06
357.75 -6.39566e-06
358 -6.6273e-06
358.25 -6.35606e-06
358.5 -6.58655e-06
358.75 -6.31675e-06
359 -6.54609e-06
359.25 -6.27771e-06
359.5 -6.50589e-06
359.75 -6.23893e-06
360 -6.46594e-06
360.25 -6.20038e-06
360.5 -6.42623e-06
360.75 -6.16207e-06
361 -6.38676e-06
361.25 -6.12399e-06
361.5 -6.34752e-06
361.75 -6.08614e-06
362 -6.30853e-06
362.25 -6.04853e-06
362.5 -6.26978e-06
362.75 -6.01118e-06
363 -6.2313e-06
363.25 -5.97409e-06
363.5 -6.19311e-06
363.75 -5.9373e-06
364 -6.15522e-06
364.25 -5.90081e-06
364.5 -6.11766e-06
364.75 -5.86465e-06
365 -6.08043e-06
365.25 -5.82883e-06
365.5 -6.04355e-06
365.75 -5.79336e-06
366 -6.00703e-06
366.25 -5.75824e-06
366.5 -5.97086e-06
366.75 -5.72348e-06
367 -5.93505e-06
367.25 -5.68906e-06
367.5 -5.89959e-06
367.75 -5.65497e-06
368 -5.86445e-06
368.25 -5.62119e-06
368.5 -5.82961e-06
368.75 -5.58769e-06
369 -5.79505e-06
369.25 -5.55446e-06
369.5 -5.76074e-06
369.75 -5.52146e-06
370 -5.72666e-06
370.25 -5.48866e-06
370.5 -5.69276e-06
370.75 -5.45602e-06
371 -5.65901e-06
371.25 -5.42353e-06
371.5 -5.62541e-06
371.75 -5.39116e-06
372 -5.59191e-06
372.25 -5.35888e-06
372.5 -5.55851e-06
372.75 -5.32669e-06
373 -5.52519e-06
373.25 -5.29457e-06
373.5 -5.49195e-06
373.75 -5.26253e-06
374 -5.4588e-06
374.25 -5.23058e-06
374.5 -5.42573e-06
374.75 -5.19871e-06
375 -5.39277e-06
375.25 -5.16694e-06
375.5 -5.35992e-06
375.75 -5.13529e-06
376 -5.32719e-06
376.25 -5.10378e-06
376.5 -5.29462e-06
376.75 -5.07241e-06
377 -5.26221e-06
377.25 -5.04122e-06
377.5 -5.22998e-06
377.75 -5.01022e-06
378 -5.19796e-06
378.25 -4.97943e-06
378.5 -5.16616e-06
378.75 -4.94885e-06
379 -5.13459e-06
379.25 -4.9185e-06
379.5 -5.10325e-06
379.75 -4.88839e-06
380 -5.07214e-06
380.25 -4.85851e-06
380.5 -5.04127e-06
380.75 -4.82885e-06
381 -5.01063e-06
381.25 -4.79941e-06
381.5 -4.98019e-06
381.75 -4.77017e-06
382 -4.94996e-06
382.25 -4.74112e-06
382.5 -4.91991e-06
382.75 -4.71223e-06
383 -4.89002e-06
383.25 -4.6835e-06
383.5 -4.86027e-06
383.75 -4.65489e-06
384 -4.83066e-06
384.25 -4.6264e-06
384.5 -4.80115e-06
384.75 -4.59802e-06
385 -4.77174e-06
385.25 -4.56971e-06
385.5 -4.74242e-06
385.75 -4.54149e-06
386 -4.71317e-06
386.25 -4.51334e-06
386.5 -4.684e-06
386.75 -4.48526e-06
387 -4.65491e-06
387.25 -4.45726e-06
387.5 -4.62589e-06
387.75 -4.42933e-06
388 -4.59696e-06
388.25 -4.40149e-06
388.5 -4.56813e-06
388.75 -4.37375e-06
389 -4.53941e-06
389.25 -4.34612e-06
389.5 -4.51081e-06
389.75 -4.31862e-06
390 -4.48236e-06
390.25 -4.29127e-06
390.5 -4.45406e-06
390.75 -4.26408e-06
391 -4.42593e-06
391.25 -4.23706e-06
391.5 -4.39799e-06
391.75 -4.21023e-06
392 -4.37024e-06
392.25 -4.18359e-06
392.5 -4.34269e-06
392.75 -4.15716e-06
393 -4.31535e-06
393.25 -4.13093e-06
393.5 -4.28822e-06
393.75 -4.10491e-06
394 -4.26131e-06
394.25 -4.0791e-06
394.5 -4.23459e-06
394.75 -4.05348e-06
395 -4.20807e-06
395.25 -4.02804e-06
395.5 -4.18174e-06
395.75 -4.00278e-06
396 -4.15557e-06
396.25 -3.97768e-06
396.5 -4.12955e-06
396.75 -3.95271e-06
397 -4.10366e-06
397.25 -3.92785e-06
397.5 -4.07788e-06
397.75 -3.90309e-06
398 -4.05218e-06
398.25 -3.8784e-06
398.5 -4.02655e-06
398.75 -3.85377e-06
399 -4.00097e-06
399.25 -3.82917e-06
399.5 -3.97542e-06
399.75 -3.80459e-06
400 -3.94989e-06
400.25 -3.78003e-06
400.5 -3.92437e-06
400.75 -3.75547e-06
401 -3.89887e-06
401.25 -3.73093e-06
401.5 -3.87338e-06
401.75 -3.7064e-06
402 -3.84792e-06
402.25 -3.6819e-06
402.5 -3.82248e-06
402.75 -3.65743e-06
403 -3.79709e-06
403.25 -3.63301e-06
403.5 -3.77176e-06
403.75 -3.60865e-06
404 -3.7465e-06
404.25 -3.58437e-06
404.5 -3.72134e-06
404.75 -3.56018e-06
405 -3.69628e-06
405.25 -3.53611e-06
405.5 -3.67134e-06
405.75 -3.51216e-06
406 -3.64653e-06
406.25 -3.48834e-06
406.5 -3.62186e-06
406.75 -3.46466e-06
407 -3.59733e-06
407.25 -3.44111e-06
407.5 -3.57294e-06
407.75 -3.4177e-06
408 -3.54868e-06
408.25 -3.39441e-06
408.5 -3.52454e-06
408.75 -3.37123e-06
409 -3.5005e-06
409.25 -3.34814e-06
409.5 -3.47654e-06
409.75 -3.32512e-06
410 -3.45265e-06
410.25 -3.30215e-06
410.5 -3.4288e-06
410.75 -3.27921e-06
411 -3.40498e-06
411.25 -3.25629e-06
411.5 -3.38117e-06
411.75 -3.23336e-06
412 -3.35735e-06
412.25 -3.21042e-06
412.5 -3.33351e-06
412.75 -3.18746e-06
413 -3.30965e-06
413.25 -3.16446e-06
413.5 -3.28576e-06
413.75 -3.14144e-06
414 -3.26184e-06
414.25 -3.11838e-06
414.5 -3.2379e-06
414.75 -3.0953e-06
415 -3.21395e-06
415.25 -3.07221e-06
415.5 -3.18999e-06
415.75 -3.04913e-06
416 -3.16605e-06
416.25 -3.02606e-06
416.5 -3.14214e-06
416.75 -3.00304e-06
417 -3.11829e-06
417.25 -2.98008e-06
417.5 -3.09451e-06
417.75 -2.95721e-06
418 -3.07084e-06
418.25 -2.93445e-06
418.5 -3.04728e-06
418.75 -2.9118e-06
419 -3.02385e-06
419.25 -2.88929e-06
419.5 -3.00057e-06
419.75 -2.86693e-06
420 -2.97743e-06
420.25 -2.84471e-06
420.5 -2.95444e-06
420.75 -2.82263e-06
421 -2.93161e-06
421.25 -2.80071e-06
421.5 -2.90891e-06
421.75 -2.77892e-06
422 -2.88635e-06
422.25 -2.75725e-06
422.5 -2.86392e-06
422.75 -2.73571e-06
423 -2.8416e-06
423.25 -2.71426e-06
423.5 -2.81937e-06
423.75 -2.6929e-06
424 -2.79723e-06
424.25 -2.67161e-06
424.5 -2.77514e-06
424.75 -2.65037e-06
425 -2.75311e-06
425.25 -2.62918e-06
425.5 -2.73111e-06
425.75 -2.608e-06
426 -2.70913e-06
426.25 -2.58685e-06
426.5 -2.68717e-06
426.75 -2.5657e-06
427 -2.66522e-06
427.25 -2.54456e-06
427.5 -2.64327e-06
427.75 -2.52341e-06
428 -2.62133e-06
428.25 -2.50228e-06
428.5 -2.5994e-06
428.75 -2.48115e-06
429 -2.57748e-06
429.25 -2.46005e-06
429.5 -2.55559e-06
429.75 -2.43896e-06
430 -2.53373e-06
430.25 -2.41792e-06
430.5 -2.51192e-06
430.75 -2.39692e-06
431 -2.49016e-06
431.25 -2.37598e-06
431.5 -2.46847e-06
431.75 -2.35512e-06
432 -2.44686e-06
432.25 -2.33434e-06
432.5 -2.42534e-06
432.75 -2.31365e-06
433 -2.40393e-06
433.25 -2.29307e-06
433.5 -2.38263e-06
433.75 -2.27261e-06
434 -2.36145e-06
434.25 -2.25226e-06
434.5 -2.3404e-06
434.75 -2.23205e-06
435 -2.31948e-06
435.25 -2.21196e-06
435.5 -2.29869e-06
435.75 -2.19201e-06
436 -2.27803e-06
436.25 -2.17218e-06
436.5 -2.25751e-06
436.75 -2.15248e-06
437 -2.2371e-06
437.25 -2.1329e-06
437.5 -2.21682e-06
437.75 -2.11342e-06
438 -2.19664e-06
438.25 -2.09405e-06
438.5 -2.17656e-06
438.75 -2.07477e-06
439 -2.15656e-06
439.25 -2.05556e-06
439.5 -2.13664e-06
439.75 -2.03642e-06
440 -2.11677e-06
440.25 -2.01733e-06
440.5 -2.09696e-06
440.75 -1.99829e-06
441 -2.0772e-06
441.25 -1.97928e-06
441.5 -2.05746e-06
441.75 -1.96031e-06
442 -2.03776e-06
442.25 -1.94136e-06
442.5 -2.01809e-06
442.75 -1.92244e-06
443 -1.99845e-06
443.25 -1.90356e-06
443.5 -1.97886e-06
443.75 -1.88472e-06
444 -1.95931e-06
444.25 -1.86593e-06
444.5 -1.93982e-06
444.75 -1.8472e-06
445 -1.9204e-06
445.25 -1.82855e-06
445.5 -1.90107e-06
445.75 -1.80999e-06
446 -1.88183e-06
446.25 -1.79153e-06
446.5 -1.86271e-06
446.75 -1.77318e-06
447 -1.8437e-06
447.25 -1.75495e-06
447.5 -1.82482e-06
447.75 -1.73686e-06
448 -1.80608e-06
448.25 -1.7189e-06
448.5 -1.78748e-06
448.75 -1.70109e-06
449 -1.76903e-06
449.25 -1.68342e-06
449.5 -1.75071e-06
449.75 -1.66588e-06
450 -1.73254e-06
450.25 -1.64848e-06
450.5 -1.71449e-06
450.75 -1.63119e-06
451 -1.69656e-06
451.25 -1.61402e-06
451.5 -1.67873e-06
451.75 -1.59693e-06
452 -1.66099e-06
452.25 -1.57993e-06
452.5 -1.64332e-06
452.75 -1.563e-06
453 -1.62572e-06
453.25 -1.54612e-06
453.5 -1.60817e-06
453.75 -1.52928e-06
454 -1.59066e-06
454.25 -1.51248e-06
454.5 -1.57318e-06
454.75 -1.4957e-06
455 -1.55573e-06
455.25 -1.47895e-06
455.5 -1.5383e-06
455.75 -1.46223e-06
456 -1.52091e-06
456.25 -1.44553e-06
456.5 -1.50354e-06
456.75 -1.42887e-06
457 -1.48622e-06
457.25 -1.41225e-06
457.5 -1.46895e-06
457.75 -1.39569e-06
458 -1.45174e-06
458.25 -1.37918e-06
458.5 -1.4346e-06
458.75 -1.36276e-06
459 -1.41754e-06
459.25 -1.34642e-06
459.5 -1.40058e-06
459.75 -1.33018e-06
460 -1.38372e-06
460.25 -1.31405e-06
460.5 -1.36698e-06
460.75 -1.29804e-06
461 -1.35036e-06
461.25 -1.28215e-06
461.5 -1.33387e-06
461.75 -1.26638e-06
462 -1.31749e-06
462.25 -1.25073e-06
462.5 -1.30125e-06
462.75 -1.2352e-06
463 -1.28511e-06
463.25 -1.21979e-06
463.5 -1.26909e-06
463.75 -1.20447e-06
464 -1.25317e-06
464.25 -1.18925e-06
464.5 -1.23733e-06
464.75 -1.17411e-06
465 -1.22157e-06
465.25 -1.15904e-06
465.5 -1.20588e-06
465.75 -1.14402e-06
466 -1.19024e-06
466.25 -1.12905e-06
466.5 -1.17464e-06
466.75 -1.11411e-06
467 -1.15907e-06
467.25 -1.09921e-06
467.5 -1.14353e-06
467.75 -1.08433e-06
468 -1.12802e-06
468.25 -1.06947e-06
468.5 -1.11254e-06
468.75 -1.05464e-06
469 -1.09707e-06
469.25 -1.03983e-06
469.5 -1.08163e-06
469.75 -1.02504e-06
470 -1.06622e-06
470.25 -1.01028e-06
470.5 -1.05085e-06
470.75 -9.95568e-07
471 -1.03552e-06
471.25 -9.80898e-07
471.5 -1.02025e-06
471.75 -9.66284e-07
472 -1.00503e-06
472.25 -9.51735e-07
472.5 -9.89892e-07
472.75 -9.37261e-07
473 -9.74831e-07
473.25 -9.22871e-07
473.5 -9.59859e-07
473.75 -9.08572e-07
474 -9.44984e-07
474.25 -8.94371e-07
474.5 -9.3021e-07
474.75 -8.80272e-07
475 -9.15543e-07
475.25 -8.6628e-07
475.5 -9.00984e-07
475.75 -8.52395e-07
476 -8.86534e-07
476.25 -8.38616e-07
476.5 -8.72191e-07
476.75 -8.24943e-07
477 -8.57955e-07
477.25 -8.11373e-07
477.5 -8.43821e-07
477.75 -7.97902e-07
478 -8.29785e-07
478.25 -7.84526e-07
478.5 -8.15843e-07
478.75 -7.7124e-07
479 -8.01991e-07
479.25 -7.58039e-07
479.5 -7.88223e-07
479.75 -7.44919e-07
480 -7.74535e-07
480.25 -7.31875e-07
480.5 -7.60921e-07
480.75 -7.18902e-07
481 -7.47378e-07
481.25 -7.05995e-07
481.5 -7.339e-07
481.75 -6.9315e-07
482 -7.20482e-07
482.25 -6.80361e-07
482.5 -7.07121e-07
482.75 -6.67626e-07
483 -6.93813e-07
483.25 -6.5494e-07
483.5 -6.80554e-07
483.75 -6.42302e-07
484 -6.67343e-07
484.25 -6.29709e-07
484.5 -6.54178e-07
484.75 -6.17161e-07
485 -6.41059e-07
485.25 -6.04656e-07
485.5 -6.27985e-07
485.75 -5.92195e-07
486 -6.14956e-07
486.25 -5.79778e-07
486.5 -6.01972e-07
486.75 -5.67406e-07
487 -5.89036e-07
487.25 -5.5508e-07
487.5 -5.76147e-07
487.75 -5.428e-07
488 -5.63307e-07
488.25 -5.30571e-07
488.5 -5.50519e-07
488.75 -5.18393e-07
489 -5.37787e-07
489.25 -5.06271e-07
489.5 -5.25113e-07
489.75 -4.94208e-07
490 -5.12502e-07
490.25 -4.82208e-07
490.5 -4.99957e-07
490.75 -4.70275e-07
491 -4.87482e-07
491.25 -4.58413e-07
491.5 -4.75081e-07
491.75 -4.46624e-07
492 -4.62756e-07
492.25 -4.34911e-07
492.5 -4.50508e-07
492.75 -4.23276e-07
493 -4.3834e-07
493.25 -4.11719e-07
493.5 -4.26251e-07
493.75 -4.00238e-07
494 -4.14239e-07
494.25 -3.88833e-07
494.5 -4.02302e-07
494.75 -3.775e-07
495 -3.90436e-07
495.25 -3.66232e-07
495.5 -3.78634e-07
495.75 -3.55025e-07
496 -3.6689e-07
496.25 -3.43871e-07
496.5 -3.55197e-07
496.75 -3.32762e-07
497 -3.43545e-07
497.25 -3.2169e-07
497.5 -3.31926e-07
497.75 -3.10644e-07
498 -3.20332e-07
498.25 -2.99617e-07
498.5 -3.08752e-07
498.75 -2.886e-07
499 -2.9718e-07
499.25 -2.77585e-07
499.5 -2.85607e-07
499.75 -2.66565e-07
500 -2.74029e-07
500.25 -2.55536e-07
500.5 -2.6244e-07
500.75 -2.44494e-07
501 -2.50837e-07
501.25 -2.33435e-07
501.5 -2.3922e-07
501.75 -2.22361e-07
502 -2.27588e-07
502.25 -2.11273e-07
502.5 -2.15945e-07
502.75 -2.00174e-07
503 -2.04295e-07
503.25 -1.8907e-07
503.5 -1.92643e-07
503.75 -1.77965e-07
504 -1.80996e-07
504.25 -1.66868e-07
504.5 -1.69361e-07
504.75 -1.55786e-07
505 -1.57746e-07
505.25 -1.44727e-07
505.5 -1.46159e-07
505.75 -1.33699e-07
506 -1.34608e-07
506.25 -1.2271e-07
506.5 -1.231e-07
506.75 -1.11765e-07
507 -1.11641e-07
507.25 -1.00869e-07
507.5 -1.00234e-07
507.75 -9.00278e-08
508 -8.88838e-08
508.25 -7.92426e-08
508.5 -7.75917e-08
508.75 -6.85149e-08
509 -6.6358e-08
509.25 -5.78441e-08
509.5 -5.51813e-08
509.75 -4.72279e-08
510 -4.40585e-08
510.25 -3.66624e-08
510.5 -3.29852e-08
510.75 -2.61427e-08
511 -2.19557e-08
511.25 -1.56624e-08
511.5 -1.09631e-08
511.75 -5.21435e-09
