# r (Mpc/h)   mu   v12   v12_perp   v12_par   sigma12   sigma12_perp  sigma12_par
 2.000 5.000e-02 -4.320e+02 -4.319e+02 -4.676e+00 6.016e+02 6.016e+02 3.151e+02
 2.000 1.500e-01 -4.363e+02 -4.361e+02 -1.256e+01 6.017e+02 6.016e+02 3.183e+02
 2.000 2.500e-01 -4.319e+02 -4.314e+02 -2.067e+01 6.048e+02 6.040e+02 3.239e+02
 2.000 3.500e-01 -4.342e+02 -4.327e+02 -3.630e+01 6.020e+02 6.005e+02 3.262e+02
 2.000 4.500e-01 -4.327e+02 -4.311e+02 -3.701e+01 5.999e+02 5.982e+02 3.242e+02
 2.000 5.500e-01 -4.368e+02 -4.341e+02 -4.877e+01 6.024e+02 5.998e+02 3.245e+02
 2.000 6.500e-01 -4.293e+02 -4.259e+02 -5.330e+01 5.997e+02 5.964e+02 3.230e+02
 2.000 7.500e-01 -4.310e+02 -4.259e+02 -6.612e+01 5.957e+02 5.906e+02 3.281e+02
 2.000 8.500e-01 -4.361e+02 -4.300e+02 -7.252e+01 6.065e+02 5.993e+02 3.354e+02
 2.000 9.500e-01 -4.303e+02 -4.229e+02 -7.931e+01 5.990e+02 5.915e+02 3.329e+02
 6.000 5.000e-02 -3.406e+02 -3.405e+02 -3.604e+00 5.019e+02 5.019e+02 3.071e+02
 6.000 1.500e-01 -3.442e+02 -3.440e+02 -1.098e+01 5.046e+02 5.045e+02 3.099e+02
 6.000 2.500e-01 -3.413e+02 -3.409e+02 -1.724e+01 5.042e+02 5.039e+02 3.087e+02
 6.000 3.500e-01 -3.426e+02 -3.416e+02 -2.647e+01 5.051e+02 5.041e+02 3.091e+02
 6.000 4.500e-01 -3.448e+02 -3.433e+02 -3.215e+01 5.045e+02 5.031e+02 3.101e+02
 6.000 5.500e-01 -3.413e+02 -3.389e+02 -4.080e+01 5.019e+02 4.997e+02 3.095e+02
 6.000 6.500e-01 -3.379e+02 -3.351e+02 -4.405e+01 5.013e+02 4.989e+02 3.109e+02
 6.000 7.500e-01 -3.429e+02 -3.386e+02 -5.415e+01 5.057e+02 5.019e+02 3.108e+02
 6.000 8.500e-01 -3.394e+02 -3.342e+02 -5.875e+01 5.026e+02 4.975e+02 3.134e+02
 6.000 9.500e-01 -3.393e+02 -3.339e+02 -6.050e+01 5.006e+02 4.957e+02 3.142e+02
10.000 5.000e-02 -2.998e+02 -2.998e+02 -2.091e+00 4.800e+02 4.800e+02 3.218e+02
10.000 1.500e-01 -3.012e+02 -3.010e+02 -9.456e+00 4.813e+02 4.812e+02 3.215e+02
10.000 2.500e-01 -3.005e+02 -3.000e+02 -1.723e+01 4.804e+02 4.800e+02 3.226e+02
10.000 3.500e-01 -3.021e+02 -3.014e+02 -2.088e+01 4.817e+02 4.811e+02 3.223e+02
10.000 4.500e-01 -2.991e+02 -2.978e+02 -2.831e+01 4.814e+02 4.802e+02 3.214e+02
10.000 5.500e-01 -2.998e+02 -2.978e+02 -3.485e+01 4.794e+02 4.776e+02 3.217e+02
10.000 6.500e-01 -3.002e+02 -2.975e+02 -3.993e+01 4.805e+02 4.778e+02 3.251e+02
10.000 7.500e-01 -2.979e+02 -2.942e+02 -4.661e+01 4.795e+02 4.761e+02 3.268e+02
10.000 8.500e-01 -2.991e+02 -2.944e+02 -5.270e+01 4.813e+02 4.776e+02 3.284e+02
10.000 9.500e-01 -3.024e+02 -2.970e+02 -5.679e+01 4.792e+02 4.747e+02 3.281e+02
14.000 5.000e-02 -2.643e+02 -2.643e+02 -1.921e+00 4.661e+02 4.661e+02 3.334e+02
14.000 1.500e-01 -2.623e+02 -2.622e+02 -6.446e+00 4.643e+02 4.641e+02 3.326e+02
14.000 2.500e-01 -2.654e+02 -2.651e+02 -1.372e+01 4.647e+02 4.644e+02 3.324e+02
14.000 3.500e-01 -2.653e+02 -2.647e+02 -1.832e+01 4.653e+02 4.648e+02 3.341e+02
14.000 4.500e-01 -2.676e+02 -2.667e+02 -2.243e+01 4.684e+02 4.675e+02 3.337e+02
14.000 5.500e-01 -2.654e+02 -2.637e+02 -2.993e+01 4.648e+02 4.633e+02 3.343e+02
14.000 6.500e-01 -2.653e+02 -2.627e+02 -3.726e+01 4.653e+02 4.632e+02 3.361e+02
14.000 7.500e-01 -2.646e+02 -2.616e+02 -3.951e+01 4.648e+02 4.622e+02 3.359e+02
14.000 8.500e-01 -2.624e+02 -2.584e+02 -4.591e+01 4.643e+02 4.609e+02 3.376e+02
14.000 9.500e-01 -2.656e+02 -2.611e+02 -4.904e+01 4.654e+02 4.614e+02 3.368e+02
18.000 5.000e-02 -2.324e+02 -2.323e+02 -3.849e+00 4.546e+02 4.546e+02 3.401e+02
18.000 1.500e-01 -2.327e+02 -2.326e+02 -7.238e+00 4.550e+02 4.549e+02 3.409e+02
18.000 2.500e-01 -2.348e+02 -2.345e+02 -1.131e+01 4.569e+02 4.567e+02 3.407e+02
18.000 3.500e-01 -2.319e+02 -2.313e+02 -1.678e+01 4.533e+02 4.530e+02 3.423e+02
18.000 4.500e-01 -2.343e+02 -2.335e+02 -1.928e+01 4.564e+02 4.557e+02 3.412e+02
18.000 5.500e-01 -2.331e+02 -2.317e+02 -2.594e+01 4.560e+02 4.547e+02 3.435e+02
18.000 6.500e-01 -2.331e+02 -2.311e+02 -3.077e+01 4.548e+02 4.529e+02 3.433e+02
18.000 7.500e-01 -2.329e+02 -2.303e+02 -3.466e+01 4.536e+02 4.514e+02 3.437e+02
18.000 8.500e-01 -2.350e+02 -2.315e+02 -4.030e+01 4.539e+02 4.510e+02 3.447e+02
18.000 9.500e-01 -2.335e+02 -2.291e+02 -4.515e+01 4.549e+02 4.515e+02 3.449e+02
22.000 5.000e-02 -2.069e+02 -2.069e+02 -1.746e+00 4.491e+02 4.490e+02 3.470e+02
22.000 1.500e-01 -2.066e+02 -2.065e+02 -6.062e+00 4.484e+02 4.483e+02 3.473e+02
22.000 2.500e-01 -2.072e+02 -2.069e+02 -1.015e+01 4.481e+02 4.480e+02 3.460e+02
22.000 3.500e-01 -2.064e+02 -2.059e+02 -1.432e+01 4.483e+02 4.479e+02 3.470e+02
22.000 4.500e-01 -2.081e+02 -2.072e+02 -2.010e+01 4.496e+02 4.488e+02 3.484e+02
22.000 5.500e-01 -2.056e+02 -2.045e+02 -2.198e+01 4.482e+02 4.471e+02 3.490e+02
22.000 6.500e-01 -2.073e+02 -2.054e+02 -2.810e+01 4.485e+02 4.469e+02 3.495e+02
22.000 7.500e-01 -2.071e+02 -2.047e+02 -3.179e+01 4.488e+02 4.468e+02 3.491e+02
22.000 8.500e-01 -2.073e+02 -2.044e+02 -3.467e+01 4.493e+02 4.466e+02 3.505e+02
22.000 9.500e-01 -2.063e+02 -2.025e+02 -3.938e+01 4.471e+02 4.438e+02 3.510e+02
26.000 5.000e-02 -1.832e+02 -1.832e+02 -2.501e+00 4.457e+02 4.457e+02 3.536e+02
26.000 1.500e-01 -1.835e+02 -1.834e+02 -5.638e+00 4.451e+02 4.451e+02 3.536e+02
26.000 2.500e-01 -1.839e+02 -1.837e+02 -9.237e+00 4.452e+02 4.451e+02 3.529e+02
26.000 3.500e-01 -1.851e+02 -1.847e+02 -1.211e+01 4.466e+02 4.463e+02 3.546e+02
26.000 4.500e-01 -1.844e+02 -1.837e+02 -1.642e+01 4.461e+02 4.454e+02 3.547e+02
26.000 5.500e-01 -1.823e+02 -1.812e+02 -2.019e+01 4.439e+02 4.429e+02 3.540e+02
26.000 6.500e-01 -1.828e+02 -1.811e+02 -2.442e+01 4.446e+02 4.433e+02 3.557e+02
26.000 7.500e-01 -1.837e+02 -1.817e+02 -2.697e+01 4.442e+02 4.423e+02 3.563e+02
26.000 8.500e-01 -1.824e+02 -1.799e+02 -3.065e+01 4.453e+02 4.430e+02 3.567e+02
26.000 9.500e-01 -1.827e+02 -1.793e+02 -3.503e+01 4.438e+02 4.408e+02 3.573e+02
30.000 5.000e-02 -1.631e+02 -1.631e+02 -2.470e+00 4.428e+02 4.428e+02 3.589e+02
30.000 1.500e-01 -1.637e+02 -1.636e+02 -5.207e+00 4.433e+02 4.432e+02 3.593e+02
30.000 2.500e-01 -1.637e+02 -1.635e+02 -8.178e+00 4.423e+02 4.421e+02 3.585e+02
30.000 3.500e-01 -1.638e+02 -1.634e+02 -1.198e+01 4.430e+02 4.426e+02 3.589e+02
30.000 4.500e-01 -1.623e+02 -1.616e+02 -1.489e+01 4.423e+02 4.417e+02 3.591e+02
30.000 5.500e-01 -1.633e+02 -1.624e+02 -1.753e+01 4.436e+02 4.427e+02 3.601e+02
30.000 6.500e-01 -1.631e+02 -1.618e+02 -2.081e+01 4.425e+02 4.413e+02 3.592e+02
30.000 7.500e-01 -1.627e+02 -1.608e+02 -2.485e+01 4.430e+02 4.413e+02 3.605e+02
30.000 8.500e-01 -1.633e+02 -1.609e+02 -2.791e+01 4.429e+02 4.408e+02 3.618e+02
30.000 9.500e-01 -1.629e+02 -1.599e+02 -3.127e+01 4.429e+02 4.403e+02 3.621e+02
34.000 5.000e-02 -1.456e+02 -1.455e+02 -1.129e+00 4.427e+02 4.427e+02 3.645e+02
34.000 1.500e-01 -1.445e+02 -1.445e+02 -4.703e+00 4.421e+02 4.420e+02 3.651e+02
34.000 2.500e-01 -1.464e+02 -1.462e+02 -6.363e+00 4.428e+02 4.426e+02 3.652e+02
34.000 3.500e-01 -1.466e+02 -1.463e+02 -1.004e+01 4.429e+02 4.426e+02 3.649e+02
34.000 4.500e-01 -1.454e+02 -1.449e+02 -1.297e+01 4.426e+02 4.420e+02 3.645e+02
34.000 5.500e-01 -1.438e+02 -1.429e+02 -1.604e+01 4.420e+02 4.412e+02 3.655e+02
34.000 6.500e-01 -1.451e+02 -1.438e+02 -1.902e+01 4.421e+02 4.409e+02 3.650e+02
34.000 7.500e-01 -1.452e+02 -1.435e+02 -2.240e+01 4.425e+02 4.407e+02 3.668e+02
34.000 8.500e-01 -1.451e+02 -1.428e+02 -2.553e+01 4.430e+02 4.408e+02 3.674e+02
34.000 9.500e-01 -1.463e+02 -1.435e+02 -2.853e+01 4.424e+02 4.397e+02 3.685e+02
38.000 5.000e-02 -1.300e+02 -1.300e+02 -1.115e+00 4.432e+02 4.432e+02 3.694e+02
38.000 1.500e-01 -1.313e+02 -1.313e+02 -3.940e+00 4.446e+02 4.446e+02 3.710e+02
38.000 2.500e-01 -1.310e+02 -1.308e+02 -6.899e+00 4.426e+02 4.424e+02 3.699e+02
38.000 3.500e-01 -1.304e+02 -1.300e+02 -1.053e+01 4.426e+02 4.422e+02 3.709e+02
38.000 4.500e-01 -1.300e+02 -1.295e+02 -1.146e+01 4.430e+02 4.424e+02 3.703e+02
38.000 5.500e-01 -1.304e+02 -1.296e+02 -1.443e+01 4.424e+02 4.417e+02 3.703e+02
38.000 6.500e-01 -1.305e+02 -1.295e+02 -1.583e+01 4.422e+02 4.412e+02 3.717e+02
38.000 7.500e-01 -1.310e+02 -1.295e+02 -1.956e+01 4.432e+02 4.417e+02 3.718e+02
38.000 8.500e-01 -1.310e+02 -1.292e+02 -2.172e+01 4.435e+02 4.415e+02 3.725e+02
38.000 9.500e-01 -1.312e+02 -1.287e+02 -2.571e+01 4.438e+02 4.413e+02 3.730e+02
42.000 5.000e-02 -1.175e+02 -1.175e+02 -1.032e+00 4.443e+02 4.443e+02 3.745e+02
42.000 1.500e-01 -1.181e+02 -1.181e+02 -3.313e+00 4.448e+02 4.447e+02 3.748e+02
42.000 2.500e-01 -1.179e+02 -1.178e+02 -5.599e+00 4.440e+02 4.438e+02 3.743e+02
42.000 3.500e-01 -1.180e+02 -1.178e+02 -7.656e+00 4.444e+02 4.442e+02 3.754e+02
42.000 4.500e-01 -1.177e+02 -1.172e+02 -1.038e+01 4.445e+02 4.439e+02 3.755e+02
42.000 5.500e-01 -1.171e+02 -1.163e+02 -1.306e+01 4.445e+02 4.437e+02 3.753e+02
42.000 6.500e-01 -1.173e+02 -1.161e+02 -1.652e+01 4.442e+02 4.429e+02 3.751e+02
42.000 7.500e-01 -1.179e+02 -1.166e+02 -1.766e+01 4.445e+02 4.431e+02 3.767e+02
42.000 8.500e-01 -1.172e+02 -1.156e+02 -1.934e+01 4.433e+02 4.415e+02 3.769e+02
42.000 9.500e-01 -1.168e+02 -1.145e+02 -2.282e+01 4.447e+02 4.424e+02 3.772e+02
46.000 5.000e-02 -1.062e+02 -1.062e+02 -1.122e+00 4.466e+02 4.466e+02 3.786e+02
46.000 1.500e-01 -1.061e+02 -1.060e+02 -3.024e+00 4.462e+02 4.461e+02 3.794e+02
46.000 2.500e-01 -1.057e+02 -1.056e+02 -5.581e+00 4.461e+02 4.459e+02 3.793e+02
46.000 3.500e-01 -1.060e+02 -1.057e+02 -7.287e+00 4.455e+02 4.451e+02 3.794e+02
46.000 4.500e-01 -1.059e+02 -1.054e+02 -9.811e+00 4.459e+02 4.454e+02 3.792e+02
46.000 5.500e-01 -1.056e+02 -1.049e+02 -1.168e+01 4.453e+02 4.446e+02 3.805e+02
46.000 6.500e-01 -1.048e+02 -1.038e+02 -1.454e+01 4.451e+02 4.441e+02 3.806e+02
46.000 7.500e-01 -1.053e+02 -1.040e+02 -1.693e+01 4.458e+02 4.444e+02 3.814e+02
46.000 8.500e-01 -1.061e+02 -1.045e+02 -1.826e+01 4.453e+02 4.434e+02 3.815e+02
46.000 9.500e-01 -1.056e+02 -1.038e+02 -1.978e+01 4.451e+02 4.428e+02 3.821e+02
50.000 5.000e-02 -9.479e+01 -9.478e+01 -1.533e+00 4.475e+02 4.475e+02 3.836e+02
50.000 1.500e-01 -9.494e+01 -9.489e+01 -3.038e+00 4.478e+02 4.478e+02 3.834e+02
50.000 2.500e-01 -9.530e+01 -9.517e+01 -4.885e+00 4.471e+02 4.470e+02 3.828e+02
50.000 3.500e-01 -9.489e+01 -9.464e+01 -6.862e+00 4.468e+02 4.465e+02 3.838e+02
50.000 4.500e-01 -9.585e+01 -9.545e+01 -8.687e+00 4.474e+02 4.468e+02 3.840e+02
50.000 5.500e-01 -9.542e+01 -9.481e+01 -1.077e+01 4.470e+02 4.463e+02 3.842e+02
50.000 6.500e-01 -9.585e+01 -9.499e+01 -1.281e+01 4.463e+02 4.454e+02 3.848e+02
50.000 7.500e-01 -9.568e+01 -9.458e+01 -1.443e+01 4.467e+02 4.455e+02 3.853e+02
50.000 8.500e-01 -9.492e+01 -9.345e+01 -1.665e+01 4.463e+02 4.446e+02 3.860e+02
50.000 9.500e-01 -9.515e+01 -9.346e+01 -1.783e+01 4.466e+02 4.445e+02 3.858e+02
54.000 5.000e-02 -8.564e+01 -8.564e+01 -3.621e-01 4.484e+02 4.484e+02 3.876e+02
54.000 1.500e-01 -8.628e+01 -8.622e+01 -3.011e+00 4.482e+02 4.481e+02 3.881e+02
54.000 2.500e-01 -8.629e+01 -8.616e+01 -4.722e+00 4.484e+02 4.483e+02 3.877e+02
54.000 3.500e-01 -8.619e+01 -8.588e+01 -7.281e+00 4.481e+02 4.478e+02 3.882e+02
54.000 4.500e-01 -8.633e+01 -8.589e+01 -8.827e+00 4.484e+02 4.479e+02 3.878e+02
54.000 5.500e-01 -8.670e+01 -8.612e+01 -9.970e+00 4.483e+02 4.476e+02 3.887e+02
54.000 6.500e-01 -8.684e+01 -8.603e+01 -1.176e+01 4.486e+02 4.475e+02 3.888e+02
54.000 7.500e-01 -8.627e+01 -8.523e+01 -1.333e+01 4.478e+02 4.467e+02 3.895e+02
54.000 8.500e-01 -8.637e+01 -8.500e+01 -1.529e+01 4.481e+02 4.465e+02 3.894e+02
54.000 9.500e-01 -8.699e+01 -8.534e+01 -1.685e+01 4.484e+02 4.464e+02 3.902e+02
58.000 5.000e-02 -7.682e+01 -7.681e+01 -1.172e+00 4.494e+02 4.494e+02 3.915e+02
58.000 1.500e-01 -7.823e+01 -7.820e+01 -2.319e+00 4.501e+02 4.500e+02 3.910e+02
58.000 2.500e-01 -7.840e+01 -7.830e+01 -3.935e+00 4.495e+02 4.493e+02 3.910e+02
58.000 3.500e-01 -7.840e+01 -7.817e+01 -6.009e+00 4.496e+02 4.493e+02 3.910e+02
58.000 4.500e-01 -7.882e+01 -7.848e+01 -7.242e+00 4.503e+02 4.498e+02 3.918e+02
58.000 5.500e-01 -7.835e+01 -7.786e+01 -8.701e+00 4.493e+02 4.485e+02 3.922e+02
58.000 6.500e-01 -7.772e+01 -7.699e+01 -1.067e+01 4.498e+02 4.489e+02 3.925e+02
58.000 7.500e-01 -7.780e+01 -7.698e+01 -1.127e+01 4.489e+02 4.476e+02 3.922e+02
58.000 8.500e-01 -7.861e+01 -7.746e+01 -1.338e+01 4.494e+02 4.478e+02 3.923e+02
58.000 9.500e-01 -7.910e+01 -7.760e+01 -1.530e+01 4.498e+02 4.478e+02 3.929e+02
62.000 5.000e-02 -7.126e+01 -7.125e+01 -7.225e-01 4.515e+02 4.515e+02 3.942e+02
62.000 1.500e-01 -7.071e+01 -7.065e+01 -2.938e+00 4.508e+02 4.508e+02 3.956e+02
62.000 2.500e-01 -7.097e+01 -7.092e+01 -2.952e+00 4.507e+02 4.506e+02 3.945e+02
62.000 3.500e-01 -7.178e+01 -7.158e+01 -5.432e+00 4.508e+02 4.506e+02 3.947e+02
62.000 4.500e-01 -7.096e+01 -7.064e+01 -6.708e+00 4.502e+02 4.497e+02 3.953e+02
62.000 5.500e-01 -7.074e+01 -7.032e+01 -7.654e+00 4.510e+02 4.503e+02 3.956e+02
62.000 6.500e-01 -7.045e+01 -6.984e+01 -9.204e+00 4.502e+02 4.493e+02 3.955e+02
62.000 7.500e-01 -7.039e+01 -6.955e+01 -1.085e+01 4.514e+02 4.501e+02 3.956e+02
62.000 8.500e-01 -7.099e+01 -6.985e+01 -1.268e+01 4.507e+02 4.491e+02 3.969e+02
62.000 9.500e-01 -7.111e+01 -6.971e+01 -1.406e+01 4.510e+02 4.491e+02 3.971e+02
66.000 5.000e-02 -6.532e+01 -6.532e+01 -8.059e-01 4.518e+02 4.518e+02 3.983e+02
66.000 1.500e-01 -6.498e+01 -6.495e+01 -1.936e+00 4.526e+02 4.525e+02 3.981e+02
66.000 2.500e-01 -6.489e+01 -6.477e+01 -3.963e+00 4.519e+02 4.518e+02 3.982e+02
66.000 3.500e-01 -6.519e+01 -6.504e+01 -4.416e+00 4.519e+02 4.517e+02 3.979e+02
66.000 4.500e-01 -6.441e+01 -6.414e+01 -5.905e+00 4.520e+02 4.516e+02 3.983e+02
66.000 5.500e-01 -6.501e+01 -6.460e+01 -7.288e+00 4.525e+02 4.519e+02 3.985e+02
66.000 6.500e-01 -6.472e+01 -6.415e+01 -8.607e+00 4.518e+02 4.510e+02 3.989e+02
66.000 7.500e-01 -6.449e+01 -6.372e+01 -9.933e+00 4.521e+02 4.509e+02 3.991e+02
66.000 8.500e-01 -6.495e+01 -6.388e+01 -1.177e+01 4.523e+02 4.508e+02 3.995e+02
66.000 9.500e-01 -6.467e+01 -6.337e+01 -1.286e+01 4.518e+02 4.499e+02 4.000e+02
70.000 5.000e-02 -5.996e+01 -5.995e+01 -9.532e-01 4.536e+02 4.536e+02 4.009e+02
70.000 1.500e-01 -5.936e+01 -5.933e+01 -1.972e+00 4.533e+02 4.532e+02 4.008e+02
70.000 2.500e-01 -5.922e+01 -5.915e+01 -2.917e+00 4.533e+02 4.532e+02 4.015e+02
70.000 3.500e-01 -5.986e+01 -5.970e+01 -4.382e+00 4.533e+02 4.530e+02 4.013e+02
70.000 4.500e-01 -5.914e+01 -5.891e+01 -5.219e+00 4.532e+02 4.528e+02 4.016e+02
70.000 5.500e-01 -5.998e+01 -5.968e+01 -5.995e+00 4.535e+02 4.529e+02 4.020e+02
70.000 6.500e-01 -5.966e+01 -5.911e+01 -8.053e+00 4.541e+02 4.532e+02 4.016e+02
70.000 7.500e-01 -5.899e+01 -5.824e+01 -9.371e+00 4.536e+02 4.524e+02 4.025e+02
70.000 8.500e-01 -5.984e+01 -5.886e+01 -1.081e+01 4.534e+02 4.519e+02 4.028e+02
70.000 9.500e-01 -5.954e+01 -5.838e+01 -1.169e+01 4.535e+02 4.517e+02 4.027e+02
74.000 5.000e-02 -5.491e+01 -5.491e+01 -3.903e-01 4.549e+02 4.549e+02 4.036e+02
74.000 1.500e-01 -5.464e+01 -5.462e+01 -1.477e+00 4.542e+02 4.542e+02 4.039e+02
74.000 2.500e-01 -5.457e+01 -5.448e+01 -3.078e+00 4.539e+02 4.538e+02 4.039e+02
74.000 3.500e-01 -5.423e+01 -5.407e+01 -4.107e+00 4.542e+02 4.540e+02 4.039e+02
74.000 4.500e-01 -5.509e+01 -5.485e+01 -5.162e+00 4.547e+02 4.543e+02 4.041e+02
74.000 5.500e-01 -5.455e+01 -5.417e+01 -6.439e+00 4.547e+02 4.542e+02 4.044e+02
74.000 6.500e-01 -5.485e+01 -5.436e+01 -7.305e+00 4.544e+02 4.536e+02 4.045e+02
74.000 7.500e-01 -5.458e+01 -5.385e+01 -8.915e+00 4.544e+02 4.533e+02 4.048e+02
74.000 8.500e-01 -5.494e+01 -5.411e+01 -9.518e+00 4.546e+02 4.530e+02 4.052e+02
74.000 9.500e-01 -5.444e+01 -5.334e+01 -1.085e+01 4.544e+02 4.525e+02 4.054e+02
78.000 5.000e-02 -5.034e+01 -5.033e+01 -5.604e-01 4.559e+02 4.559e+02 4.065e+02
78.000 1.500e-01 -5.054e+01 -5.051e+01 -1.790e+00 4.553e+02 4.553e+02 4.063e+02
78.000 2.500e-01 -5.082e+01 -5.076e+01 -2.473e+00 4.556e+02 4.555e+02 4.058e+02
78.000 3.500e-01 -5.105e+01 -5.094e+01 -3.255e+00 4.555e+02 4.552e+02 4.062e+02
78.000 4.500e-01 -5.070e+01 -5.047e+01 -4.768e+00 4.555e+02 4.551e+02 4.066e+02
78.000 5.500e-01 -5.117e+01 -5.079e+01 -6.238e+00 4.559e+02 4.553e+02 4.068e+02
78.000 6.500e-01 -5.058e+01 -5.018e+01 -6.335e+00 4.558e+02 4.550e+02 4.070e+02
78.000 7.500e-01 -5.032e+01 -4.981e+01 -7.196e+00 4.558e+02 4.548e+02 4.073e+02
78.000 8.500e-01 -5.019e+01 -4.943e+01 -8.704e+00 4.561e+02 4.547e+02 4.081e+02
78.000 9.500e-01 -5.010e+01 -4.921e+01 -9.419e+00 4.557e+02 4.540e+02 4.080e+02
82.000 5.000e-02 -4.624e+01 -4.623e+01 -6.102e-01 4.567e+02 4.567e+02 4.086e+02
82.000 1.500e-01 -4.627e+01 -4.625e+01 -1.383e+00 4.572e+02 4.571e+02 4.086e+02
82.000 2.500e-01 -4.674e+01 -4.667e+01 -2.519e+00 4.569e+02 4.568e+02 4.088e+02
82.000 3.500e-01 -4.613e+01 -4.601e+01 -3.250e+00 4.565e+02 4.562e+02 4.088e+02
82.000 4.500e-01 -4.633e+01 -4.612e+01 -4.402e+00 4.568e+02 4.565e+02 4.090e+02
82.000 5.500e-01 -4.654e+01 -4.627e+01 -4.994e+00 4.567e+02 4.562e+02 4.090e+02
82.000 6.500e-01 -4.664e+01 -4.629e+01 -5.719e+00 4.570e+02 4.563e+02 4.094e+02
82.000 7.500e-01 -4.674e+01 -4.625e+01 -6.751e+00 4.568e+02 4.557e+02 4.097e+02
82.000 8.500e-01 -4.648e+01 -4.587e+01 -7.492e+00 4.572e+02 4.559e+02 4.102e+02
82.000 9.500e-01 -4.606e+01 -4.527e+01 -8.505e+00 4.568e+02 4.551e+02 4.104e+02
86.000 5.000e-02 -4.382e+01 -4.382e+01 -4.105e-01 4.581e+02 4.581e+02 4.109e+02
86.000 1.500e-01 -4.306e+01 -4.304e+01 -1.252e+00 4.578e+02 4.577e+02 4.112e+02
86.000 2.500e-01 -4.329e+01 -4.324e+01 -2.103e+00 4.580e+02 4.578e+02 4.112e+02
86.000 3.500e-01 -4.332e+01 -4.322e+01 -2.960e+00 4.580e+02 4.578e+02 4.113e+02
86.000 4.500e-01 -4.362e+01 -4.349e+01 -3.369e+00 4.579e+02 4.576e+02 4.113e+02
86.000 5.500e-01 -4.332e+01 -4.311e+01 -4.274e+00 4.581e+02 4.576e+02 4.114e+02
86.000 6.500e-01 -4.264e+01 -4.226e+01 -5.694e+00 4.581e+02 4.574e+02 4.114e+02
86.000 7.500e-01 -4.299e+01 -4.250e+01 -6.469e+00 4.583e+02 4.573e+02 4.117e+02
86.000 8.500e-01 -4.304e+01 -4.257e+01 -6.400e+00 4.583e+02 4.570e+02 4.119e+02
86.000 9.500e-01 -4.270e+01 -4.195e+01 -7.985e+00 4.580e+02 4.564e+02 4.126e+02
90.000 5.000e-02 -3.961e+01 -3.960e+01 -3.352e-01 4.589e+02 4.589e+02 4.130e+02
90.000 1.500e-01 -4.012e+01 -4.011e+01 -6.294e-01 4.589e+02 4.589e+02 4.133e+02
90.000 2.500e-01 -4.000e+01 -3.995e+01 -1.939e+00 4.586e+02 4.585e+02 4.129e+02
90.000 3.500e-01 -3.997e+01 -3.988e+01 -2.742e+00 4.588e+02 4.586e+02 4.132e+02
90.000 4.500e-01 -4.048e+01 -4.037e+01 -3.133e+00 4.588e+02 4.585e+02 4.133e+02
90.000 5.500e-01 -4.034e+01 -4.009e+01 -4.447e+00 4.588e+02 4.583e+02 4.131e+02
90.000 6.500e-01 -4.002e+01 -3.971e+01 -4.980e+00 4.588e+02 4.580e+02 4.137e+02
90.000 7.500e-01 -3.989e+01 -3.947e+01 -5.810e+00 4.590e+02 4.581e+02 4.137e+02
90.000 8.500e-01 -4.027e+01 -3.960e+01 -7.259e+00 4.588e+02 4.576e+02 4.145e+02
90.000 9.500e-01 -4.020e+01 -3.952e+01 -7.364e+00 4.591e+02 4.575e+02 4.145e+02
94.000 5.000e-02 -3.746e+01 -3.746e+01 -2.216e-01 4.596e+02 4.595e+02 4.151e+02
94.000 1.500e-01 -3.787e+01 -3.787e+01 -6.206e-01 4.597e+02 4.597e+02 4.149e+02
94.000 2.500e-01 -3.825e+01 -3.821e+01 -1.802e+00 4.596e+02 4.595e+02 4.150e+02
94.000 3.500e-01 -3.771e+01 -3.761e+01 -2.675e+00 4.597e+02 4.595e+02 4.148e+02
94.000 4.500e-01 -3.708e+01 -3.695e+01 -3.182e+00 4.596e+02 4.593e+02 4.153e+02
94.000 5.500e-01 -3.776e+01 -3.756e+01 -3.939e+00 4.594e+02 4.589e+02 4.154e+02
94.000 6.500e-01 -3.773e+01 -3.743e+01 -4.696e+00 4.598e+02 4.591e+02 4.156e+02
94.000 7.500e-01 -3.819e+01 -3.778e+01 -5.594e+00 4.598e+02 4.588e+02 4.158e+02
94.000 8.500e-01 -3.802e+01 -3.744e+01 -6.579e+00 4.601e+02 4.589e+02 4.164e+02
94.000 9.500e-01 -3.801e+01 -3.729e+01 -7.302e+00 4.599e+02 4.584e+02 4.165e+02
98.000 5.000e-02 -3.572e+01 -3.572e+01 -2.442e-01 4.609e+02 4.609e+02 4.169e+02
98.000 1.500e-01 -3.553e+01 -3.552e+01 -1.033e+00 4.604e+02 4.604e+02 4.165e+02
98.000 2.500e-01 -3.548e+01 -3.544e+01 -1.473e+00 4.609e+02 4.608e+02 4.165e+02
98.000 3.500e-01 -3.522e+01 -3.513e+01 -2.472e+00 4.602e+02 4.600e+02 4.169e+02
98.000 4.500e-01 -3.538e+01 -3.531e+01 -2.442e+00 4.609e+02 4.605e+02 4.171e+02
98.000 5.500e-01 -3.536e+01 -3.515e+01 -3.895e+00 4.608e+02 4.602e+02 4.175e+02
98.000 6.500e-01 -3.543e+01 -3.520e+01 -4.054e+00 4.607e+02 4.600e+02 4.174e+02
98.000 7.500e-01 -3.567e+01 -3.527e+01 -5.338e+00 4.609e+02 4.599e+02 4.177e+02
98.000 8.500e-01 -3.548e+01 -3.500e+01 -5.837e+00 4.607e+02 4.595e+02 4.179e+02
98.000 9.500e-01 -3.515e+01 -3.458e+01 -6.317e+00 4.605e+02 4.590e+02 4.183e+02
102.000 5.000e-02 -3.296e+01 -3.296e+01 2.674e-01 4.615e+02 4.615e+02 4.187e+02
102.000 1.500e-01 -3.343e+01 -3.340e+01 -1.153e+00 4.614e+02 4.614e+02 4.188e+02
102.000 2.500e-01 -3.354e+01 -3.350e+01 -1.463e+00 4.615e+02 4.614e+02 4.188e+02
102.000 3.500e-01 -3.318e+01 -3.312e+01 -1.902e+00 4.615e+02 4.613e+02 4.188e+02
102.000 4.500e-01 -3.343e+01 -3.328e+01 -3.078e+00 4.615e+02 4.611e+02 4.188e+02
102.000 5.500e-01 -3.342e+01 -3.325e+01 -3.413e+00 4.612e+02 4.608e+02 4.189e+02
102.000 6.500e-01 -3.322e+01 -3.296e+01 -4.202e+00 4.616e+02 4.609e+02 4.190e+02
102.000 7.500e-01 -3.360e+01 -3.326e+01 -4.819e+00 4.618e+02 4.609e+02 4.196e+02
102.000 8.500e-01 -3.350e+01 -3.303e+01 -5.586e+00 4.617e+02 4.605e+02 4.196e+02
102.000 9.500e-01 -3.312e+01 -3.257e+01 -6.027e+00 4.611e+02 4.596e+02 4.200e+02
106.000 5.000e-02 -3.176e+01 -3.175e+01 -4.519e-01 4.621e+02 4.621e+02 4.199e+02
106.000 1.500e-01 -3.110e+01 -3.108e+01 -9.936e-01 4.621e+02 4.621e+02 4.204e+02
106.000 2.500e-01 -3.122e+01 -3.119e+01 -1.279e+00 4.621e+02 4.621e+02 4.203e+02
106.000 3.500e-01 -3.125e+01 -3.117e+01 -2.193e+00 4.619e+02 4.617e+02 4.201e+02
106.000 4.500e-01 -3.155e+01 -3.146e+01 -2.440e+00 4.620e+02 4.617e+02 4.202e+02
106.000 5.500e-01 -3.132e+01 -3.114e+01 -3.322e+00 4.625e+02 4.620e+02 4.205e+02
106.000 6.500e-01 -3.164e+01 -3.141e+01 -3.859e+00 4.622e+02 4.615e+02 4.207e+02
106.000 7.500e-01 -3.138e+01 -3.108e+01 -4.380e+00 4.624e+02 4.614e+02 4.214e+02
106.000 8.500e-01 -3.139e+01 -3.098e+01 -5.054e+00 4.619e+02 4.607e+02 4.213e+02
106.000 9.500e-01 -3.095e+01 -3.036e+01 -6.014e+00 4.621e+02 4.606e+02 4.218e+02
110.000 5.000e-02 -2.920e+01 -2.920e+01 -3.199e-01 4.626e+02 4.626e+02 4.216e+02
110.000 1.500e-01 -2.919e+01 -2.918e+01 -8.083e-01 4.626e+02 4.626e+02 4.215e+02
110.000 2.500e-01 -2.979e+01 -2.975e+01 -1.625e+00 4.628e+02 4.627e+02 4.218e+02
110.000 3.500e-01 -2.954e+01 -2.948e+01 -1.943e+00 4.624e+02 4.622e+02 4.220e+02
110.000 4.500e-01 -2.958e+01 -2.947e+01 -2.522e+00 4.625e+02 4.622e+02 4.218e+02
110.000 5.500e-01 -2.934e+01 -2.916e+01 -3.170e+00 4.625e+02 4.620e+02 4.221e+02
110.000 6.500e-01 -2.987e+01 -2.965e+01 -3.651e+00 4.627e+02 4.621e+02 4.224e+02
110.000 7.500e-01 -3.016e+01 -2.986e+01 -4.218e+00 4.626e+02 4.617e+02 4.224e+02
110.000 8.500e-01 -2.996e+01 -2.949e+01 -5.236e+00 4.627e+02 4.615e+02 4.228e+02
110.000 9.500e-01 -3.012e+01 -2.965e+01 -5.305e+00 4.630e+02 4.616e+02 4.230e+02
114.000 5.000e-02 -2.771e+01 -2.771e+01 -2.384e-01 4.632e+02 4.632e+02 4.228e+02
114.000 1.500e-01 -2.742e+01 -2.741e+01 -8.726e-01 4.631e+02 4.630e+02 4.231e+02
114.000 2.500e-01 -2.792e+01 -2.790e+01 -1.094e+00 4.630e+02 4.629e+02 4.231e+02
114.000 3.500e-01 -2.803e+01 -2.799e+01 -1.523e+00 4.632e+02 4.630e+02 4.231e+02
114.000 4.500e-01 -2.778e+01 -2.765e+01 -2.702e+00 4.636e+02 4.633e+02 4.233e+02
114.000 5.500e-01 -2.834e+01 -2.818e+01 -2.969e+00 4.635e+02 4.631e+02 4.235e+02
114.000 6.500e-01 -2.818e+01 -2.793e+01 -3.817e+00 4.633e+02 4.626e+02 4.237e+02
114.000 7.500e-01 -2.828e+01 -2.794e+01 -4.360e+00 4.635e+02 4.626e+02 4.239e+02
114.000 8.500e-01 -2.831e+01 -2.787e+01 -4.945e+00 4.629e+02 4.618e+02 4.243e+02
114.000 9.500e-01 -2.822e+01 -2.765e+01 -5.635e+00 4.634e+02 4.622e+02 4.243e+02
118.000 5.000e-02 -2.624e+01 -2.624e+01 -8.072e-02 4.639e+02 4.639e+02 4.245e+02
118.000 1.500e-01 -2.633e+01 -2.632e+01 -9.819e-01 4.636e+02 4.635e+02 4.243e+02
118.000 2.500e-01 -2.611e+01 -2.607e+01 -1.367e+00 4.636e+02 4.635e+02 4.244e+02
118.000 3.500e-01 -2.617e+01 -2.609e+01 -2.038e+00 4.636e+02 4.634e+02 4.243e+02
118.000 4.500e-01 -2.616e+01 -2.603e+01 -2.609e+00 4.633e+02 4.630e+02 4.246e+02
118.000 5.500e-01 -2.657e+01 -2.634e+01 -3.532e+00 4.638e+02 4.634e+02 4.248e+02
118.000 6.500e-01 -2.630e+01 -2.605e+01 -3.604e+00 4.637e+02 4.630e+02 4.249e+02
118.000 7.500e-01 -2.652e+01 -2.619e+01 -4.128e+00 4.639e+02 4.632e+02 4.251e+02
118.000 8.500e-01 -2.669e+01 -2.623e+01 -4.941e+00 4.638e+02 4.626e+02 4.254e+02
118.000 9.500e-01 -2.612e+01 -2.559e+01 -5.256e+00 4.636e+02 4.622e+02 4.253e+02
122.000 5.000e-02 -2.454e+01 -2.454e+01 -3.618e-01 4.640e+02 4.640e+02 4.257e+02
122.000 1.500e-01 -2.490e+01 -2.489e+01 -6.210e-01 4.640e+02 4.639e+02 4.260e+02
122.000 2.500e-01 -2.499e+01 -2.496e+01 -1.280e+00 4.641e+02 4.640e+02 4.256e+02
122.000 3.500e-01 -2.513e+01 -2.508e+01 -1.540e+00 4.641e+02 4.639e+02 4.256e+02
122.000 4.500e-01 -2.472e+01 -2.463e+01 -2.020e+00 4.641e+02 4.637e+02 4.259e+02
122.000 5.500e-01 -2.460e+01 -2.445e+01 -2.715e+00 4.641e+02 4.636e+02 4.263e+02
122.000 6.500e-01 -2.462e+01 -2.437e+01 -3.499e+00 4.642e+02 4.636e+02 4.260e+02
122.000 7.500e-01 -2.456e+01 -2.425e+01 -3.872e+00 4.638e+02 4.630e+02 4.263e+02
122.000 8.500e-01 -2.490e+01 -2.450e+01 -4.412e+00 4.638e+02 4.627e+02 4.266e+02
122.000 9.500e-01 -2.544e+01 -2.491e+01 -5.131e+00 4.638e+02 4.625e+02 4.269e+02
126.000 5.000e-02 -2.317e+01 -2.317e+01 -5.369e-02 4.640e+02 4.640e+02 4.266e+02
126.000 1.500e-01 -2.359e+01 -2.358e+01 -9.841e-01 4.647e+02 4.646e+02 4.269e+02
126.000 2.500e-01 -2.288e+01 -2.285e+01 -1.022e+00 4.645e+02 4.644e+02 4.268e+02
126.000 3.500e-01 -2.316e+01 -2.312e+01 -1.363e+00 4.647e+02 4.645e+02 4.269e+02
126.000 4.500e-01 -2.352e+01 -2.341e+01 -2.157e+00 4.642e+02 4.639e+02 4.271e+02
126.000 5.500e-01 -2.291e+01 -2.276e+01 -2.631e+00 4.644e+02 4.640e+02 4.272e+02
126.000 6.500e-01 -2.355e+01 -2.333e+01 -3.246e+00 4.642e+02 4.636e+02 4.275e+02
126.000 7.500e-01 -2.318e+01 -2.285e+01 -3.903e+00 4.643e+02 4.635e+02 4.278e+02
126.000 8.500e-01 -2.378e+01 -2.339e+01 -4.319e+00 4.643e+02 4.633e+02 4.278e+02
126.000 9.500e-01 -2.344e+01 -2.292e+01 -4.929e+00 4.641e+02 4.628e+02 4.282e+02
130.000 5.000e-02 -2.185e+01 -2.185e+01 2.028e-01 4.649e+02 4.649e+02 4.278e+02
130.000 1.500e-01 -2.170e+01 -2.168e+01 -8.916e-01 4.645e+02 4.645e+02 4.282e+02
130.000 2.500e-01 -2.129e+01 -2.128e+01 -7.688e-01 4.645e+02 4.645e+02 4.279e+02
130.000 3.500e-01 -2.138e+01 -2.132e+01 -1.610e+00 4.645e+02 4.643e+02 4.280e+02
130.000 4.500e-01 -2.112e+01 -2.098e+01 -2.553e+00 4.644e+02 4.641e+02 4.282e+02
130.000 5.500e-01 -2.150e+01 -2.134e+01 -2.660e+00 4.644e+02 4.640e+02 4.284e+02
130.000 6.500e-01 -2.193e+01 -2.167e+01 -3.433e+00 4.647e+02 4.641e+02 4.288e+02
130.000 7.500e-01 -2.184e+01 -2.154e+01 -3.632e+00 4.644e+02 4.636e+02 4.291e+02
130.000 8.500e-01 -2.202e+01 -2.166e+01 -3.962e+00 4.643e+02 4.634e+02 4.290e+02
130.000 9.500e-01 -2.198e+01 -2.152e+01 -4.505e+00 4.644e+02 4.631e+02 4.292e+02
134.000 5.000e-02 -1.996e+01 -1.996e+01 -6.862e-02 4.650e+02 4.650e+02 4.291e+02
134.000 1.500e-01 -2.006e+01 -2.005e+01 -7.456e-01 4.649e+02 4.649e+02 4.289e+02
134.000 2.500e-01 -1.987e+01 -1.985e+01 -9.630e-01 4.649e+02 4.648e+02 4.290e+02
134.000 3.500e-01 -1.974e+01 -1.969e+01 -1.483e+00 4.648e+02 4.646e+02 4.290e+02
134.000 4.500e-01 -1.993e+01 -1.982e+01 -2.112e+00 4.648e+02 4.645e+02 4.295e+02
134.000 5.500e-01 -1.991e+01 -1.973e+01 -2.730e+00 4.650e+02 4.646e+02 4.294e+02
134.000 6.500e-01 -2.022e+01 -2.001e+01 -2.916e+00 4.649e+02 4.642e+02 4.297e+02
134.000 7.500e-01 -2.012e+01 -1.980e+01 -3.601e+00 4.649e+02 4.641e+02 4.302e+02
134.000 8.500e-01 -2.004e+01 -1.970e+01 -3.701e+00 4.644e+02 4.635e+02 4.301e+02
134.000 9.500e-01 -2.014e+01 -1.964e+01 -4.498e+00 4.645e+02 4.633e+02 4.304e+02
138.000 5.000e-02 -1.840e+01 -1.841e+01 7.719e-02 4.651e+02 4.651e+02 4.300e+02
138.000 1.500e-01 -1.833e+01 -1.832e+01 -5.061e-01 4.652e+02 4.652e+02 4.298e+02
138.000 2.500e-01 -1.854e+01 -1.851e+01 -1.054e+00 4.650e+02 4.650e+02 4.298e+02
138.000 3.500e-01 -1.835e+01 -1.830e+01 -1.350e+00 4.650e+02 4.648e+02 4.300e+02
138.000 4.500e-01 -1.850e+01 -1.841e+01 -1.786e+00 4.650e+02 4.647e+02 4.306e+02
138.000 5.500e-01 -1.873e+01 -1.853e+01 -2.814e+00 4.650e+02 4.646e+02 4.305e+02
138.000 6.500e-01 -1.856e+01 -1.837e+01 -2.663e+00 4.650e+02 4.644e+02 4.308e+02
138.000 7.500e-01 -1.907e+01 -1.879e+01 -3.289e+00 4.649e+02 4.642e+02 4.311e+02
138.000 8.500e-01 -1.900e+01 -1.862e+01 -3.831e+00 4.650e+02 4.639e+02 4.311e+02
138.000 9.500e-01 -1.897e+01 -1.855e+01 -3.987e+00 4.650e+02 4.637e+02 4.313e+02
142.000 5.000e-02 -1.697e+01 -1.697e+01 -5.065e-02 4.653e+02 4.653e+02 4.310e+02
142.000 1.500e-01 -1.679e+01 -1.679e+01 -1.982e-01 4.652e+02 4.651e+02 4.311e+02
142.000 2.500e-01 -1.701e+01 -1.698e+01 -1.100e+00 4.653e+02 4.652e+02 4.314e+02
142.000 3.500e-01 -1.749e+01 -1.742e+01 -1.525e+00 4.652e+02 4.650e+02 4.313e+02
142.000 4.500e-01 -1.719e+01 -1.708e+01 -2.067e+00 4.653e+02 4.651e+02 4.314e+02
142.000 5.500e-01 -1.755e+01 -1.738e+01 -2.504e+00 4.656e+02 4.652e+02 4.313e+02
142.000 6.500e-01 -1.741e+01 -1.718e+01 -2.920e+00 4.654e+02 4.649e+02 4.316e+02
142.000 7.500e-01 -1.752e+01 -1.722e+01 -3.327e+00 4.654e+02 4.646e+02 4.318e+02
142.000 8.500e-01 -1.733e+01 -1.701e+01 -3.364e+00 4.652e+02 4.642e+02 4.323e+02
142.000 9.500e-01 -1.746e+01 -1.700e+01 -4.060e+00 4.652e+02 4.639e+02 4.326e+02
146.000 5.000e-02 -1.580e+01 -1.580e+01 -9.770e-02 4.656e+02 4.656e+02 4.322e+02
146.000 1.500e-01 -1.533e+01 -1.532e+01 -6.019e-01 4.655e+02 4.654e+02 4.322e+02
146.000 2.500e-01 -1.569e+01 -1.567e+01 -9.342e-01 4.653e+02 4.652e+02 4.323e+02
146.000 3.500e-01 -1.580e+01 -1.574e+01 -1.414e+00 4.653e+02 4.651e+02 4.321e+02
146.000 4.500e-01 -1.591e+01 -1.581e+01 -1.851e+00 4.656e+02 4.653e+02 4.321e+02
146.000 5.500e-01 -1.576e+01 -1.560e+01 -2.318e+00 4.656e+02 4.652e+02 4.324e+02
146.000 6.500e-01 -1.638e+01 -1.616e+01 -2.741e+00 4.652e+02 4.647e+02 4.328e+02
146.000 7.500e-01 -1.642e+01 -1.620e+01 -2.674e+00 4.655e+02 4.648e+02 4.328e+02
146.000 8.500e-01 -1.635e+01 -1.596e+01 -3.705e+00 4.655e+02 4.645e+02 4.331e+02
146.000 9.500e-01 -1.628e+01 -1.589e+01 -3.588e+00 4.652e+02 4.640e+02 4.334e+02
150.000 5.000e-02 -1.464e+01 -1.464e+01 -7.124e-02 4.653e+02 4.653e+02 4.329e+02
150.000 1.500e-01 -1.468e+01 -1.467e+01 -5.181e-01 4.651e+02 4.651e+02 4.329e+02
150.000 2.500e-01 -1.469e+01 -1.467e+01 -8.566e-01 4.652e+02 4.652e+02 4.331e+02
150.000 3.500e-01 -1.495e+01 -1.489e+01 -1.377e+00 4.654e+02 4.652e+02 4.329e+02
150.000 4.500e-01 -1.486e+01 -1.475e+01 -1.876e+00 4.652e+02 4.649e+02 4.330e+02
150.000 5.500e-01 -1.472e+01 -1.456e+01 -2.255e+00 4.653e+02 4.649e+02 4.332e+02
150.000 6.500e-01 -1.487e+01 -1.467e+01 -2.492e+00 4.655e+02 4.649e+02 4.336e+02
150.000 7.500e-01 -1.462e+01 -1.438e+01 -2.687e+00 4.656e+02 4.648e+02 4.338e+02
150.000 8.500e-01 -1.491e+01 -1.456e+01 -3.280e+00 4.655e+02 4.646e+02 4.342e+02
150.000 9.500e-01 -1.538e+01 -1.499e+01 -3.484e+00 4.656e+02 4.645e+02 4.344e+02
154.000 5.000e-02 -1.361e+01 -1.362e+01 1.965e-01 4.651e+02 4.651e+02 4.338e+02
154.000 1.500e-01 -1.348e+01 -1.346e+01 -7.044e-01 4.653e+02 4.653e+02 4.338e+02
154.000 2.500e-01 -1.360e+01 -1.356e+01 -1.106e+00 4.654e+02 4.653e+02 4.338e+02
154.000 3.500e-01 -1.405e+01 -1.397e+01 -1.732e+00 4.654e+02 4.652e+02 4.339e+02
154.000 4.500e-01 -1.421e+01 -1.410e+01 -1.803e+00 4.655e+02 4.653e+02 4.340e+02
154.000 5.500e-01 -1.438e+01 -1.423e+01 -2.186e+00 4.656e+02 4.653e+02 4.344e+02
154.000 6.500e-01 -1.403e+01 -1.385e+01 -2.251e+00 4.654e+02 4.648e+02 4.344e+02
154.000 7.500e-01 -1.367e+01 -1.343e+01 -2.615e+00 4.655e+02 4.648e+02 4.350e+02
154.000 8.500e-01 -1.393e+01 -1.362e+01 -3.002e+00 4.656e+02 4.647e+02 4.351e+02
154.000 9.500e-01 -1.403e+01 -1.364e+01 -3.357e+00 4.654e+02 4.642e+02 4.352e+02
158.000 5.000e-02 -1.249e+01 -1.249e+01 -8.821e-03 4.654e+02 4.653e+02 4.346e+02
158.000 1.500e-01 -1.282e+01 -1.281e+01 -5.555e-01 4.654e+02 4.654e+02 4.347e+02
158.000 2.500e-01 -1.250e+01 -1.245e+01 -1.215e+00 4.654e+02 4.654e+02 4.347e+02
158.000 3.500e-01 -1.281e+01 -1.274e+01 -1.460e+00 4.656e+02 4.654e+02 4.347e+02
158.000 4.500e-01 -1.292e+01 -1.282e+01 -1.618e+00 4.655e+02 4.653e+02 4.347e+02
158.000 5.500e-01 -1.324e+01 -1.310e+01 -2.012e+00 4.656e+02 4.652e+02 4.352e+02
158.000 6.500e-01 -1.308e+01 -1.290e+01 -2.222e+00 4.655e+02 4.649e+02 4.354e+02
158.000 7.500e-01 -1.304e+01 -1.283e+01 -2.356e+00 4.654e+02 4.647e+02 4.354e+02
158.000 8.500e-01 -1.309e+01 -1.280e+01 -2.804e+00 4.653e+02 4.645e+02 4.357e+02
158.000 9.500e-01 -1.303e+01 -1.272e+01 -2.848e+00 4.656e+02 4.645e+02 4.360e+02
162.000 5.000e-02 -1.204e+01 -1.204e+01 -5.217e-01 4.654e+02 4.654e+02 4.353e+02
162.000 1.500e-01 -1.207e+01 -1.206e+01 -5.374e-01 4.656e+02 4.656e+02 4.355e+02
162.000 2.500e-01 -1.204e+01 -1.201e+01 -8.759e-01 4.654e+02 4.653e+02 4.354e+02
162.000 3.500e-01 -1.223e+01 -1.216e+01 -1.365e+00 4.655e+02 4.654e+02 4.356e+02
162.000 4.500e-01 -1.236e+01 -1.227e+01 -1.505e+00 4.654e+02 4.652e+02 4.356e+02
162.000 5.500e-01 -1.250e+01 -1.235e+01 -2.029e+00 4.655e+02 4.651e+02 4.358e+02
162.000 6.500e-01 -1.199e+01 -1.180e+01 -2.218e+00 4.651e+02 4.646e+02 4.360e+02
162.000 7.500e-01 -1.276e+01 -1.252e+01 -2.547e+00 4.655e+02 4.648e+02 4.363e+02
162.000 8.500e-01 -1.220e+01 -1.191e+01 -2.747e+00 4.654e+02 4.646e+02 4.366e+02
162.000 9.500e-01 -1.226e+01 -1.192e+01 -2.935e+00 4.653e+02 4.643e+02 4.371e+02
166.000 5.000e-02 -1.135e+01 -1.135e+01 -1.173e-01 4.652e+02 4.652e+02 4.362e+02
166.000 1.500e-01 -1.092e+01 -1.092e+01 -1.530e-01 4.656e+02 4.656e+02 4.364e+02
166.000 2.500e-01 -1.139e+01 -1.137e+01 -7.942e-01 4.657e+02 4.656e+02 4.363e+02
166.000 3.500e-01 -1.134e+01 -1.127e+01 -1.397e+00 4.654e+02 4.652e+02 4.364e+02
166.000 4.500e-01 -1.142e+01 -1.134e+01 -1.426e+00 4.652e+02 4.650e+02 4.366e+02
166.000 5.500e-01 -1.118e+01 -1.106e+01 -1.694e+00 4.654e+02 4.650e+02 4.364e+02
166.000 6.500e-01 -1.113e+01 -1.094e+01 -2.195e+00 4.653e+02 4.648e+02 4.366e+02
166.000 7.500e-01 -1.162e+01 -1.138e+01 -2.499e+00 4.654e+02 4.648e+02 4.371e+02
166.000 8.500e-01 -1.134e+01 -1.107e+01 -2.534e+00 4.655e+02 4.646e+02 4.373e+02
166.000 9.500e-01 -1.163e+01 -1.124e+01 -3.169e+00 4.655e+02 4.644e+02 4.374e+02
170.000 5.000e-02 -1.041e+01 -1.041e+01 -1.394e-01 4.655e+02 4.655e+02 4.373e+02
170.000 1.500e-01 -1.052e+01 -1.051e+01 -4.455e-01 4.654e+02 4.654e+02 4.370e+02
170.000 2.500e-01 -1.026e+01 -1.022e+01 -9.036e-01 4.656e+02 4.655e+02 4.373e+02
170.000 3.500e-01 -1.039e+01 -1.034e+01 -1.091e+00 4.655e+02 4.653e+02 4.373e+02
170.000 4.500e-01 -1.078e+01 -1.069e+01 -1.439e+00 4.653e+02 4.651e+02 4.373e+02
170.000 5.500e-01 -1.075e+01 -1.065e+01 -1.579e+00 4.653e+02 4.649e+02 4.372e+02
170.000 6.500e-01 -1.086e+01 -1.064e+01 -2.340e+00 4.652e+02 4.647e+02 4.373e+02
170.000 7.500e-01 -1.058e+01 -1.031e+01 -2.564e+00 4.654e+02 4.648e+02 4.377e+02
170.000 8.500e-01 -1.071e+01 -1.041e+01 -2.676e+00 4.653e+02 4.644e+02 4.381e+02
170.000 9.500e-01 -1.077e+01 -1.047e+01 -2.584e+00 4.653e+02 4.643e+02 4.382e+02
174.000 5.000e-02 -9.704e+00 -9.705e+00 7.805e-02 4.652e+02 4.652e+02 4.379e+02
174.000 1.500e-01 -9.906e+00 -9.906e+00 -1.846e-01 4.652e+02 4.652e+02 4.377e+02
174.000 2.500e-01 -9.828e+00 -9.796e+00 -8.742e-01 4.655e+02 4.654e+02 4.379e+02
174.000 3.500e-01 -9.618e+00 -9.569e+00 -1.051e+00 4.655e+02 4.654e+02 4.377e+02
174.000 4.500e-01 -9.609e+00 -9.527e+00 -1.331e+00 4.651e+02 4.649e+02 4.379e+02
174.000 5.500e-01 -9.925e+00 -9.825e+00 -1.451e+00 4.654e+02 4.651e+02 4.381e+02
174.000 6.500e-01 -9.915e+00 -9.719e+00 -2.136e+00 4.652e+02 4.647e+02 4.382e+02
174.000 7.500e-01 -1.004e+01 -9.780e+00 -2.436e+00 4.653e+02 4.646e+02 4.385e+02
174.000 8.500e-01 -9.784e+00 -9.468e+00 -2.676e+00 4.653e+02 4.645e+02 4.387e+02
174.000 9.500e-01 -1.025e+01 -9.914e+00 -2.703e+00 4.655e+02 4.645e+02 4.389e+02
178.000 5.000e-02 -9.518e+00 -9.517e+00 -1.275e-01 4.652e+02 4.652e+02 4.384e+02
178.000 1.500e-01 -9.023e+00 -9.008e+00 -6.255e-01 4.651e+02 4.651e+02 4.381e+02
178.000 2.500e-01 -9.117e+00 -9.094e+00 -6.889e-01 4.652e+02 4.651e+02 4.384e+02
178.000 3.500e-01 -9.165e+00 -9.129e+00 -8.207e-01 4.651e+02 4.650e+02 4.383e+02
178.000 4.500e-01 -9.287e+00 -9.196e+00 -1.433e+00 4.652e+02 4.650e+02 4.385e+02
178.000 5.500e-01 -9.111e+00 -9.016e+00 -1.355e+00 4.652e+02 4.649e+02 4.388e+02
178.000 6.500e-01 -9.449e+00 -9.272e+00 -1.954e+00 4.653e+02 4.648e+02 4.388e+02
178.000 7.500e-01 -9.268e+00 -9.015e+00 -2.364e+00 4.652e+02 4.645e+02 4.390e+02
178.000 8.500e-01 -9.148e+00 -8.880e+00 -2.333e+00 4.653e+02 4.645e+02 4.394e+02
178.000 9.500e-01 -9.351e+00 -8.987e+00 -2.770e+00 4.656e+02 4.646e+02 4.398e+02
182.000 5.000e-02 -9.049e+00 -9.045e+00 -2.578e-01 4.650e+02 4.650e+02 4.391e+02
182.000 1.500e-01 -8.853e+00 -8.844e+00 -4.380e-01 4.651e+02 4.651e+02 4.388e+02
182.000 2.500e-01 -8.644e+00 -8.615e+00 -7.891e-01 4.651e+02 4.651e+02 4.389e+02
182.000 3.500e-01 -8.742e+00 -8.705e+00 -8.257e-01 4.653e+02 4.652e+02 4.394e+02
182.000 4.500e-01 -8.749e+00 -8.677e+00 -1.172e+00 4.651e+02 4.649e+02 4.392e+02
182.000 5.500e-01 -8.687e+00 -8.542e+00 -1.789e+00 4.652e+02 4.649e+02 4.392e+02
182.000 6.500e-01 -9.040e+00 -8.876e+00 -1.834e+00 4.652e+02 4.647e+02 4.397e+02
182.000 7.500e-01 -9.004e+00 -8.805e+00 -1.993e+00 4.652e+02 4.646e+02 4.398e+02
182.000 8.500e-01 -8.648e+00 -8.392e+00 -2.227e+00 4.653e+02 4.645e+02 4.399e+02
182.000 9.500e-01 -8.971e+00 -8.639e+00 -2.572e+00 4.652e+02 4.642e+02 4.401e+02
186.000 5.000e-02 -8.581e+00 -8.578e+00 -3.336e-01 4.653e+02 4.653e+02 4.396e+02
186.000 1.500e-01 -8.392e+00 -8.380e+00 -5.609e-01 4.653e+02 4.653e+02 4.398e+02
186.000 2.500e-01 -8.360e+00 -8.330e+00 -7.848e-01 4.652e+02 4.652e+02 4.398e+02
186.000 3.500e-01 -8.374e+00 -8.330e+00 -9.133e-01 4.649e+02 4.648e+02 4.399e+02
186.000 4.500e-01 -8.092e+00 -8.041e+00 -9.143e-01 4.651e+02 4.649e+02 4.398e+02
186.000 5.500e-01 -8.356e+00 -8.235e+00 -1.568e+00 4.651e+02 4.648e+02 4.399e+02
186.000 6.500e-01 -8.012e+00 -7.840e+00 -1.834e+00 4.651e+02 4.646e+02 4.400e+02
186.000 7.500e-01 -8.523e+00 -8.355e+00 -1.757e+00 4.651e+02 4.645e+02 4.404e+02
186.000 8.500e-01 -8.370e+00 -8.105e+00 -2.249e+00 4.652e+02 4.644e+02 4.405e+02
186.000 9.500e-01 -8.321e+00 -8.004e+00 -2.434e+00 4.649e+02 4.638e+02 4.408e+02
190.000 5.000e-02 -8.155e+00 -8.153e+00 -1.798e-01 4.652e+02 4.652e+02 4.401e+02
190.000 1.500e-01 -8.020e+00 -8.008e+00 -4.685e-01 4.649e+02 4.649e+02 4.402e+02
190.000 2.500e-01 -7.976e+00 -7.956e+00 -5.553e-01 4.650e+02 4.649e+02 4.404e+02
190.000 3.500e-01 -7.794e+00 -7.746e+00 -9.734e-01 4.648e+02 4.646e+02 4.403e+02
190.000 4.500e-01 -7.713e+00 -7.636e+00 -1.182e+00 4.647e+02 4.645e+02 4.404e+02
190.000 5.500e-01 -8.046e+00 -7.932e+00 -1.469e+00 4.649e+02 4.645e+02 4.405e+02
190.000 6.500e-01 -7.679e+00 -7.535e+00 -1.608e+00 4.649e+02 4.644e+02 4.409e+02
190.000 7.500e-01 -7.780e+00 -7.581e+00 -1.902e+00 4.652e+02 4.645e+02 4.407e+02
190.000 8.500e-01 -7.791e+00 -7.566e+00 -1.966e+00 4.651e+02 4.642e+02 4.412e+02
190.000 9.500e-01 -7.761e+00 -7.510e+00 -2.026e+00 4.650e+02 4.640e+02 4.413e+02
194.000 5.000e-02 -7.868e+00 -7.868e+00 -6.977e-02 4.649e+02 4.649e+02 4.407e+02
194.000 1.500e-01 -7.611e+00 -7.603e+00 -3.218e-01 4.649e+02 4.648e+02 4.408e+02
194.000 2.500e-01 -7.417e+00 -7.389e+00 -7.419e-01 4.650e+02 4.649e+02 4.408e+02
194.000 3.500e-01 -7.553e+00 -7.501e+00 -9.902e-01 4.649e+02 4.648e+02 4.408e+02
194.000 4.500e-01 -7.097e+00 -7.022e+00 -1.149e+00 4.647e+02 4.645e+02 4.410e+02
194.000 5.500e-01 -7.107e+00 -6.992e+00 -1.433e+00 4.648e+02 4.645e+02 4.412e+02
194.000 6.500e-01 -7.369e+00 -7.233e+00 -1.513e+00 4.650e+02 4.646e+02 4.415e+02
194.000 7.500e-01 -7.248e+00 -7.058e+00 -1.799e+00 4.652e+02 4.645e+02 4.415e+02
194.000 8.500e-01 -7.494e+00 -7.230e+00 -2.171e+00 4.653e+02 4.644e+02 4.417e+02
194.000 9.500e-01 -7.700e+00 -7.412e+00 -2.226e+00 4.650e+02 4.640e+02 4.418e+02
198.000 5.000e-02 -7.297e+00 -7.295e+00 -2.054e-01 4.646e+02 4.646e+02 4.415e+02
198.000 1.500e-01 -7.203e+00 -7.180e+00 -8.253e-01 4.648e+02 4.648e+02 4.414e+02
198.000 2.500e-01 -7.056e+00 -7.028e+00 -7.227e-01 4.649e+02 4.649e+02 4.414e+02
198.000 3.500e-01 -6.843e+00 -6.775e+00 -1.194e+00 4.648e+02 4.647e+02 4.413e+02
198.000 4.500e-01 -7.210e+00 -7.111e+00 -1.414e+00 4.647e+02 4.645e+02 4.414e+02
198.000 5.500e-01 -6.759e+00 -6.643e+00 -1.429e+00 4.649e+02 4.645e+02 4.417e+02
198.000 6.500e-01 -6.823e+00 -6.670e+00 -1.623e+00 4.650e+02 4.646e+02 4.418e+02
198.000 7.500e-01 -6.925e+00 -6.705e+00 -1.971e+00 4.650e+02 4.644e+02 4.419e+02
198.000 8.500e-01 -6.785e+00 -6.567e+00 -1.834e+00 4.651e+02 4.643e+02 4.422e+02
198.000 9.500e-01 -7.017e+00 -6.729e+00 -2.168e+00 4.648e+02 4.639e+02 4.424e+02
