# r (Mpc/h)   mu   v12   v12_perp   v12_par   sigma12   sigma12_perp  sigma12_par
 2.000 5.000e-02 -4.075e+02 -4.075e+02 -3.041e+00 6.393e+02 6.393e+02 3.807e+02
 2.000 1.500e-01 -4.178e+02 -4.176e+02 -1.384e+01 6.389e+02 6.388e+02 3.779e+02
 2.000 2.500e-01 -4.131e+02 -4.127e+02 -1.736e+01 6.375e+02 6.370e+02 3.788e+02
 2.000 3.500e-01 -4.154e+02 -4.145e+02 -2.772e+01 6.452e+02 6.445e+02 3.796e+02
 2.000 4.500e-01 -4.156e+02 -4.137e+02 -3.898e+01 6.451e+02 6.434e+02 3.844e+02
 2.000 5.500e-01 -4.185e+02 -4.165e+02 -4.130e+01 6.429e+02 6.408e+02 3.811e+02
 2.000 6.500e-01 -4.170e+02 -4.133e+02 -5.563e+01 6.456e+02 6.416e+02 3.852e+02
 2.000 7.500e-01 -4.161e+02 -4.114e+02 -6.216e+01 6.453e+02 6.409e+02 3.894e+02
 2.000 8.500e-01 -4.146e+02 -4.090e+02 -6.797e+01 6.409e+02 6.352e+02 3.859e+02
 2.000 9.500e-01 -4.139e+02 -4.068e+02 -7.623e+01 6.442e+02 6.375e+02 3.903e+02
 6.000 5.000e-02 -3.279e+02 -3.279e+02 -3.259e+00 5.296e+02 5.296e+02 3.404e+02
 6.000 1.500e-01 -3.311e+02 -3.310e+02 -8.113e+00 5.292e+02 5.291e+02 3.374e+02
 6.000 2.500e-01 -3.296e+02 -3.291e+02 -1.695e+01 5.311e+02 5.306e+02 3.382e+02
 6.000 3.500e-01 -3.283e+02 -3.277e+02 -2.048e+01 5.281e+02 5.276e+02 3.388e+02
 6.000 4.500e-01 -3.313e+02 -3.299e+02 -3.016e+01 5.306e+02 5.293e+02 3.405e+02
 6.000 5.500e-01 -3.286e+02 -3.266e+02 -3.581e+01 5.299e+02 5.279e+02 3.437e+02
 6.000 6.500e-01 -3.264e+02 -3.237e+02 -4.258e+01 5.289e+02 5.265e+02 3.413e+02
 6.000 7.500e-01 -3.309e+02 -3.271e+02 -4.966e+01 5.303e+02 5.267e+02 3.439e+02
 6.000 8.500e-01 -3.289e+02 -3.243e+02 -5.455e+01 5.299e+02 5.258e+02 3.439e+02
 6.000 9.500e-01 -3.284e+02 -3.222e+02 -6.360e+01 5.277e+02 5.217e+02 3.483e+02
10.000 5.000e-02 -2.904e+02 -2.904e+02 -2.116e+00 5.043e+02 5.043e+02 3.539e+02
10.000 1.500e-01 -2.888e+02 -2.886e+02 -1.069e+01 5.041e+02 5.040e+02 3.519e+02
10.000 2.500e-01 -2.909e+02 -2.905e+02 -1.535e+01 5.090e+02 5.088e+02 3.526e+02
10.000 3.500e-01 -2.923e+02 -2.916e+02 -2.016e+01 5.067e+02 5.060e+02 3.525e+02
10.000 4.500e-01 -2.912e+02 -2.899e+02 -2.797e+01 5.075e+02 5.064e+02 3.555e+02
10.000 5.500e-01 -2.904e+02 -2.888e+02 -3.076e+01 5.063e+02 5.048e+02 3.548e+02
10.000 6.500e-01 -2.883e+02 -2.858e+02 -3.747e+01 5.036e+02 5.015e+02 3.553e+02
10.000 7.500e-01 -2.900e+02 -2.866e+02 -4.431e+01 5.044e+02 5.013e+02 3.554e+02
10.000 8.500e-01 -2.902e+02 -2.858e+02 -5.004e+01 5.067e+02 5.027e+02 3.573e+02
10.000 9.500e-01 -2.921e+02 -2.868e+02 -5.508e+01 5.066e+02 5.018e+02 3.592e+02
14.000 5.000e-02 -2.573e+02 -2.572e+02 -2.519e+00 4.919e+02 4.919e+02 3.621e+02
14.000 1.500e-01 -2.557e+02 -2.556e+02 -8.738e+00 4.893e+02 4.891e+02 3.595e+02
14.000 2.500e-01 -2.569e+02 -2.566e+02 -1.309e+01 4.921e+02 4.919e+02 3.607e+02
14.000 3.500e-01 -2.556e+02 -2.549e+02 -1.879e+01 4.904e+02 4.898e+02 3.614e+02
14.000 4.500e-01 -2.570e+02 -2.560e+02 -2.288e+01 4.915e+02 4.905e+02 3.630e+02
14.000 5.500e-01 -2.567e+02 -2.550e+02 -2.900e+01 4.901e+02 4.886e+02 3.627e+02
14.000 6.500e-01 -2.577e+02 -2.555e+02 -3.331e+01 4.917e+02 4.898e+02 3.636e+02
14.000 7.500e-01 -2.562e+02 -2.532e+02 -3.936e+01 4.917e+02 4.889e+02 3.641e+02
14.000 8.500e-01 -2.556e+02 -2.517e+02 -4.421e+01 4.897e+02 4.863e+02 3.670e+02
14.000 9.500e-01 -2.579e+02 -2.531e+02 -4.914e+01 4.920e+02 4.879e+02 3.656e+02
18.000 5.000e-02 -2.274e+02 -2.274e+02 -7.915e-01 4.822e+02 4.822e+02 3.678e+02
18.000 1.500e-01 -2.272e+02 -2.271e+02 -6.381e+00 4.813e+02 4.812e+02 3.688e+02
18.000 2.500e-01 -2.272e+02 -2.269e+02 -1.105e+01 4.814e+02 4.812e+02 3.685e+02
18.000 3.500e-01 -2.272e+02 -2.267e+02 -1.560e+01 4.810e+02 4.805e+02 3.688e+02
18.000 4.500e-01 -2.272e+02 -2.263e+02 -2.049e+01 4.813e+02 4.804e+02 3.698e+02
18.000 5.500e-01 -2.282e+02 -2.267e+02 -2.576e+01 4.824e+02 4.811e+02 3.690e+02
18.000 6.500e-01 -2.268e+02 -2.249e+02 -2.938e+01 4.808e+02 4.790e+02 3.695e+02
18.000 7.500e-01 -2.276e+02 -2.249e+02 -3.484e+01 4.817e+02 4.794e+02 3.702e+02
18.000 8.500e-01 -2.270e+02 -2.235e+02 -3.926e+01 4.791e+02 4.762e+02 3.720e+02
18.000 9.500e-01 -2.272e+02 -2.231e+02 -4.255e+01 4.799e+02 4.764e+02 3.717e+02
22.000 5.000e-02 -2.015e+02 -2.015e+02 -1.604e+00 4.757e+02 4.757e+02 3.750e+02
22.000 1.500e-01 -2.026e+02 -2.025e+02 -6.215e+00 4.767e+02 4.767e+02 3.748e+02
22.000 2.500e-01 -2.020e+02 -2.017e+02 -1.109e+01 4.747e+02 4.745e+02 3.754e+02
22.000 3.500e-01 -2.020e+02 -2.015e+02 -1.430e+01 4.751e+02 4.747e+02 3.749e+02
22.000 4.500e-01 -2.019e+02 -2.011e+02 -1.836e+01 4.748e+02 4.742e+02 3.756e+02
22.000 5.500e-01 -2.014e+02 -2.003e+02 -2.182e+01 4.749e+02 4.739e+02 3.765e+02
22.000 6.500e-01 -2.022e+02 -2.006e+02 -2.530e+01 4.741e+02 4.729e+02 3.764e+02
22.000 7.500e-01 -2.028e+02 -2.005e+02 -3.068e+01 4.760e+02 4.739e+02 3.780e+02
22.000 8.500e-01 -2.021e+02 -1.992e+02 -3.416e+01 4.754e+02 4.730e+02 3.775e+02
22.000 9.500e-01 -2.013e+02 -1.977e+02 -3.769e+01 4.739e+02 4.710e+02 3.782e+02
26.000 5.000e-02 -1.787e+02 -1.787e+02 -1.372e+00 4.709e+02 4.709e+02 3.810e+02
26.000 1.500e-01 -1.789e+02 -1.788e+02 -5.144e+00 4.718e+02 4.718e+02 3.821e+02
26.000 2.500e-01 -1.793e+02 -1.791e+02 -9.763e+00 4.717e+02 4.715e+02 3.812e+02
26.000 3.500e-01 -1.789e+02 -1.785e+02 -1.265e+01 4.710e+02 4.706e+02 3.814e+02
26.000 4.500e-01 -1.796e+02 -1.790e+02 -1.546e+01 4.712e+02 4.705e+02 3.801e+02
26.000 5.500e-01 -1.797e+02 -1.786e+02 -1.968e+01 4.718e+02 4.708e+02 3.821e+02
26.000 6.500e-01 -1.790e+02 -1.775e+02 -2.320e+01 4.708e+02 4.694e+02 3.819e+02
26.000 7.500e-01 -1.803e+02 -1.782e+02 -2.712e+01 4.723e+02 4.703e+02 3.834e+02
26.000 8.500e-01 -1.801e+02 -1.776e+02 -3.002e+01 4.721e+02 4.697e+02 3.833e+02
26.000 9.500e-01 -1.794e+02 -1.761e+02 -3.409e+01 4.711e+02 4.681e+02 3.838e+02
30.000 5.000e-02 -1.605e+02 -1.605e+02 -2.030e+00 4.711e+02 4.711e+02 3.863e+02
30.000 1.500e-01 -1.602e+02 -1.602e+02 -4.170e+00 4.699e+02 4.699e+02 3.868e+02
30.000 2.500e-01 -1.595e+02 -1.593e+02 -7.343e+00 4.706e+02 4.704e+02 3.872e+02
30.000 3.500e-01 -1.607e+02 -1.603e+02 -1.094e+01 4.709e+02 4.706e+02 3.867e+02
30.000 4.500e-01 -1.600e+02 -1.594e+02 -1.390e+01 4.707e+02 4.701e+02 3.863e+02
30.000 5.500e-01 -1.603e+02 -1.593e+02 -1.763e+01 4.712e+02 4.703e+02 3.862e+02
30.000 6.500e-01 -1.598e+02 -1.584e+02 -2.061e+01 4.698e+02 4.684e+02 3.871e+02
30.000 7.500e-01 -1.599e+02 -1.580e+02 -2.440e+01 4.703e+02 4.686e+02 3.883e+02
30.000 8.500e-01 -1.592e+02 -1.569e+02 -2.673e+01 4.710e+02 4.688e+02 3.892e+02
30.000 9.500e-01 -1.594e+02 -1.562e+02 -3.162e+01 4.709e+02 4.678e+02 3.896e+02
34.000 5.000e-02 -1.431e+02 -1.431e+02 -1.711e+00 4.705e+02 4.705e+02 3.924e+02
34.000 1.500e-01 -1.435e+02 -1.434e+02 -3.923e+00 4.709e+02 4.709e+02 3.919e+02
34.000 2.500e-01 -1.434e+02 -1.432e+02 -7.020e+00 4.702e+02 4.700e+02 3.917e+02
34.000 3.500e-01 -1.430e+02 -1.426e+02 -1.002e+01 4.705e+02 4.701e+02 3.926e+02
34.000 4.500e-01 -1.427e+02 -1.421e+02 -1.280e+01 4.696e+02 4.690e+02 3.923e+02
34.000 5.500e-01 -1.439e+02 -1.430e+02 -1.595e+01 4.716e+02 4.707e+02 3.934e+02
34.000 6.500e-01 -1.433e+02 -1.420e+02 -1.891e+01 4.714e+02 4.701e+02 3.935e+02
34.000 7.500e-01 -1.426e+02 -1.410e+02 -2.164e+01 4.708e+02 4.691e+02 3.939e+02
34.000 8.500e-01 -1.440e+02 -1.418e+02 -2.518e+01 4.718e+02 4.698e+02 3.941e+02
34.000 9.500e-01 -1.425e+02 -1.399e+02 -2.739e+01 4.705e+02 4.677e+02 3.945e+02
38.000 5.000e-02 -1.288e+02 -1.288e+02 -1.809e+00 4.716e+02 4.716e+02 3.970e+02
38.000 1.500e-01 -1.293e+02 -1.292e+02 -4.030e+00 4.721e+02 4.720e+02 3.972e+02
38.000 2.500e-01 -1.285e+02 -1.283e+02 -6.845e+00 4.716e+02 4.714e+02 3.968e+02
38.000 3.500e-01 -1.289e+02 -1.286e+02 -8.995e+00 4.720e+02 4.717e+02 3.981e+02
38.000 4.500e-01 -1.290e+02 -1.285e+02 -1.137e+01 4.718e+02 4.712e+02 3.980e+02
38.000 5.500e-01 -1.284e+02 -1.276e+02 -1.439e+01 4.717e+02 4.709e+02 3.972e+02
38.000 6.500e-01 -1.281e+02 -1.270e+02 -1.664e+01 4.716e+02 4.705e+02 3.986e+02
38.000 7.500e-01 -1.288e+02 -1.274e+02 -1.877e+01 4.716e+02 4.702e+02 3.986e+02
38.000 8.500e-01 -1.292e+02 -1.274e+02 -2.135e+01 4.722e+02 4.702e+02 3.994e+02
38.000 9.500e-01 -1.291e+02 -1.266e+02 -2.485e+01 4.718e+02 4.692e+02 4.000e+02
42.000 5.000e-02 -1.157e+02 -1.157e+02 -1.190e+00 4.738e+02 4.738e+02 4.023e+02
42.000 1.500e-01 -1.154e+02 -1.153e+02 -3.119e+00 4.733e+02 4.732e+02 4.021e+02
42.000 2.500e-01 -1.163e+02 -1.162e+02 -5.485e+00 4.732e+02 4.731e+02 4.023e+02
42.000 3.500e-01 -1.155e+02 -1.151e+02 -8.856e+00 4.732e+02 4.729e+02 4.023e+02
42.000 4.500e-01 -1.164e+02 -1.159e+02 -1.052e+01 4.736e+02 4.730e+02 4.025e+02
42.000 5.500e-01 -1.161e+02 -1.154e+02 -1.255e+01 4.726e+02 4.718e+02 4.027e+02
42.000 6.500e-01 -1.159e+02 -1.148e+02 -1.598e+01 4.731e+02 4.719e+02 4.035e+02
42.000 7.500e-01 -1.156e+02 -1.142e+02 -1.744e+01 4.728e+02 4.713e+02 4.034e+02
42.000 8.500e-01 -1.157e+02 -1.139e+02 -1.985e+01 4.729e+02 4.710e+02 4.039e+02
42.000 9.500e-01 -1.165e+02 -1.144e+02 -2.213e+01 4.728e+02 4.705e+02 4.052e+02
46.000 5.000e-02 -1.048e+02 -1.048e+02 -9.755e-01 4.750e+02 4.750e+02 4.065e+02
46.000 1.500e-01 -1.041e+02 -1.041e+02 -2.946e+00 4.743e+02 4.743e+02 4.064e+02
46.000 2.500e-01 -1.043e+02 -1.041e+02 -5.803e+00 4.747e+02 4.746e+02 4.072e+02
46.000 3.500e-01 -1.049e+02 -1.046e+02 -7.603e+00 4.751e+02 4.748e+02 4.072e+02
46.000 4.500e-01 -1.044e+02 -1.039e+02 -9.897e+00 4.738e+02 4.733e+02 4.074e+02
46.000 5.500e-01 -1.040e+02 -1.034e+02 -1.160e+01 4.744e+02 4.736e+02 4.075e+02
46.000 6.500e-01 -1.039e+02 -1.030e+02 -1.387e+01 4.745e+02 4.734e+02 4.077e+02
46.000 7.500e-01 -1.037e+02 -1.025e+02 -1.587e+01 4.743e+02 4.729e+02 4.082e+02
46.000 8.500e-01 -1.035e+02 -1.019e+02 -1.792e+01 4.741e+02 4.724e+02 4.084e+02
46.000 9.500e-01 -1.045e+02 -1.026e+02 -1.987e+01 4.738e+02 4.716e+02 4.090e+02
50.000 5.000e-02 -9.456e+01 -9.455e+01 -7.952e-01 4.767e+02 4.767e+02 4.106e+02
50.000 1.500e-01 -9.484e+01 -9.480e+01 -2.619e+00 4.769e+02 4.769e+02 4.112e+02
50.000 2.500e-01 -9.427e+01 -9.414e+01 -4.932e+00 4.761e+02 4.759e+02 4.113e+02
50.000 3.500e-01 -9.434e+01 -9.410e+01 -6.621e+00 4.763e+02 4.760e+02 4.115e+02
50.000 4.500e-01 -9.392e+01 -9.350e+01 -8.811e+00 4.766e+02 4.761e+02 4.113e+02
50.000 5.500e-01 -9.461e+01 -9.406e+01 -1.019e+01 4.763e+02 4.756e+02 4.120e+02
50.000 6.500e-01 -9.396e+01 -9.320e+01 -1.200e+01 4.760e+02 4.750e+02 4.124e+02
50.000 7.500e-01 -9.445e+01 -9.335e+01 -1.440e+01 4.754e+02 4.740e+02 4.122e+02
50.000 8.500e-01 -9.444e+01 -9.302e+01 -1.625e+01 4.760e+02 4.742e+02 4.129e+02
50.000 9.500e-01 -9.476e+01 -9.306e+01 -1.787e+01 4.764e+02 4.742e+02 4.134e+02
54.000 5.000e-02 -8.530e+01 -8.529e+01 -1.150e+00 4.779e+02 4.779e+02 4.148e+02
54.000 1.500e-01 -8.520e+01 -8.516e+01 -2.627e+00 4.778e+02 4.777e+02 4.146e+02
54.000 2.500e-01 -8.542e+01 -8.532e+01 -4.223e+00 4.777e+02 4.775e+02 4.152e+02
54.000 3.500e-01 -8.649e+01 -8.626e+01 -6.308e+00 4.780e+02 4.777e+02 4.152e+02
54.000 4.500e-01 -8.566e+01 -8.527e+01 -8.234e+00 4.780e+02 4.775e+02 4.152e+02
54.000 5.500e-01 -8.640e+01 -8.584e+01 -9.775e+00 4.780e+02 4.773e+02 4.158e+02
54.000 6.500e-01 -8.544e+01 -8.472e+01 -1.109e+01 4.774e+02 4.764e+02 4.161e+02
54.000 7.500e-01 -8.563e+01 -8.462e+01 -1.313e+01 4.776e+02 4.763e+02 4.163e+02
54.000 8.500e-01 -8.545e+01 -8.412e+01 -1.501e+01 4.776e+02 4.758e+02 4.170e+02
54.000 9.500e-01 -8.586e+01 -8.426e+01 -1.647e+01 4.775e+02 4.753e+02 4.172e+02
58.000 5.000e-02 -7.738e+01 -7.737e+01 -1.011e+00 4.794e+02 4.794e+02 4.187e+02
58.000 1.500e-01 -7.698e+01 -7.693e+01 -2.787e+00 4.794e+02 4.793e+02 4.182e+02
58.000 2.500e-01 -7.723e+01 -7.711e+01 -4.420e+00 4.788e+02 4.786e+02 4.188e+02
58.000 3.500e-01 -7.732e+01 -7.714e+01 -5.200e+00 4.794e+02 4.790e+02 4.193e+02
58.000 4.500e-01 -7.724e+01 -7.692e+01 -6.990e+00 4.799e+02 4.794e+02 4.190e+02
58.000 5.500e-01 -7.715e+01 -7.665e+01 -8.811e+00 4.792e+02 4.785e+02 4.190e+02
58.000 6.500e-01 -7.777e+01 -7.704e+01 -1.063e+01 4.795e+02 4.785e+02 4.200e+02
58.000 7.500e-01 -7.783e+01 -7.688e+01 -1.217e+01 4.795e+02 4.782e+02 4.201e+02
58.000 8.500e-01 -7.728e+01 -7.616e+01 -1.310e+01 4.787e+02 4.771e+02 4.206e+02
58.000 9.500e-01 -7.793e+01 -7.662e+01 -1.426e+01 4.790e+02 4.770e+02 4.210e+02
62.000 5.000e-02 -7.064e+01 -7.064e+01 -6.107e-01 4.813e+02 4.812e+02 4.219e+02
62.000 1.500e-01 -7.055e+01 -7.052e+01 -2.188e+00 4.808e+02 4.807e+02 4.220e+02
62.000 2.500e-01 -7.076e+01 -7.066e+01 -3.776e+00 4.806e+02 4.805e+02 4.224e+02
62.000 3.500e-01 -7.067e+01 -7.048e+01 -5.092e+00 4.811e+02 4.808e+02 4.228e+02
62.000 4.500e-01 -7.119e+01 -7.090e+01 -6.330e+00 4.813e+02 4.809e+02 4.228e+02
62.000 5.500e-01 -7.039e+01 -6.993e+01 -7.981e+00 4.809e+02 4.802e+02 4.223e+02
62.000 6.500e-01 -7.057e+01 -6.995e+01 -9.333e+00 4.811e+02 4.802e+02 4.229e+02
62.000 7.500e-01 -7.112e+01 -7.025e+01 -1.107e+01 4.810e+02 4.797e+02 4.235e+02
62.000 8.500e-01 -7.058e+01 -6.947e+01 -1.246e+01 4.809e+02 4.792e+02 4.237e+02
62.000 9.500e-01 -7.078e+01 -6.942e+01 -1.383e+01 4.813e+02 4.793e+02 4.243e+02
66.000 5.000e-02 -6.474e+01 -6.474e+01 -7.048e-01 4.828e+02 4.828e+02 4.256e+02
66.000 1.500e-01 -6.529e+01 -6.526e+01 -2.069e+00 4.826e+02 4.825e+02 4.252e+02
66.000 2.500e-01 -6.456e+01 -6.447e+01 -3.469e+00 4.821e+02 4.820e+02 4.256e+02
66.000 3.500e-01 -6.450e+01 -6.433e+01 -4.801e+00 4.821e+02 4.818e+02 4.258e+02
66.000 4.500e-01 -6.437e+01 -6.406e+01 -6.282e+00 4.826e+02 4.822e+02 4.258e+02
66.000 5.500e-01 -6.468e+01 -6.430e+01 -7.049e+00 4.823e+02 4.816e+02 4.258e+02
66.000 6.500e-01 -6.461e+01 -6.398e+01 -9.044e+00 4.827e+02 4.818e+02 4.269e+02
66.000 7.500e-01 -6.454e+01 -6.374e+01 -1.010e+01 4.829e+02 4.817e+02 4.268e+02
66.000 8.500e-01 -6.475e+01 -6.375e+01 -1.134e+01 4.829e+02 4.813e+02 4.274e+02
66.000 9.500e-01 -6.450e+01 -6.334e+01 -1.218e+01 4.823e+02 4.804e+02 4.276e+02
70.000 5.000e-02 -5.944e+01 -5.944e+01 -5.869e-01 4.840e+02 4.840e+02 4.290e+02
70.000 1.500e-01 -5.890e+01 -5.887e+01 -1.629e+00 4.840e+02 4.840e+02 4.289e+02
70.000 2.500e-01 -5.922e+01 -5.915e+01 -2.935e+00 4.844e+02 4.843e+02 4.288e+02
70.000 3.500e-01 -5.912e+01 -5.899e+01 -3.822e+00 4.839e+02 4.836e+02 4.289e+02
70.000 4.500e-01 -5.936e+01 -5.912e+01 -5.333e+00 4.843e+02 4.839e+02 4.290e+02
70.000 5.500e-01 -5.915e+01 -5.880e+01 -6.387e+00 4.844e+02 4.837e+02 4.294e+02
70.000 6.500e-01 -5.900e+01 -5.846e+01 -7.923e+00 4.841e+02 4.832e+02 4.297e+02
70.000 7.500e-01 -5.951e+01 -5.876e+01 -9.424e+00 4.847e+02 4.835e+02 4.301e+02
70.000 8.500e-01 -5.923e+01 -5.836e+01 -1.008e+01 4.838e+02 4.822e+02 4.301e+02
70.000 9.500e-01 -5.926e+01 -5.812e+01 -1.159e+01 4.838e+02 4.819e+02 4.308e+02
74.000 5.000e-02 -5.466e+01 -5.466e+01 -3.740e-01 4.856e+02 4.856e+02 4.320e+02
74.000 1.500e-01 -5.442e+01 -5.438e+01 -2.024e+00 4.855e+02 4.855e+02 4.315e+02
74.000 2.500e-01 -5.459e+01 -5.452e+01 -2.788e+00 4.858e+02 4.857e+02 4.321e+02
74.000 3.500e-01 -5.422e+01 -5.406e+01 -4.185e+00 4.852e+02 4.849e+02 4.318e+02
74.000 4.500e-01 -5.390e+01 -5.366e+01 -5.055e+00 4.854e+02 4.849e+02 4.318e+02
74.000 5.500e-01 -5.442e+01 -5.410e+01 -5.897e+00 4.855e+02 4.849e+02 4.321e+02
74.000 6.500e-01 -5.438e+01 -5.388e+01 -7.335e+00 4.856e+02 4.847e+02 4.325e+02
74.000 7.500e-01 -5.445e+01 -5.384e+01 -8.065e+00 4.858e+02 4.848e+02 4.330e+02
74.000 8.500e-01 -5.459e+01 -5.382e+01 -9.108e+00 4.862e+02 4.846e+02 4.333e+02
74.000 9.500e-01 -5.406e+01 -5.312e+01 -1.004e+01 4.856e+02 4.837e+02 4.337e+02
78.000 5.000e-02 -5.015e+01 -5.014e+01 -7.934e-01 4.868e+02 4.868e+02 4.346e+02
78.000 1.500e-01 -5.013e+01 -5.010e+01 -1.648e+00 4.867e+02 4.866e+02 4.344e+02
78.000 2.500e-01 -5.070e+01 -5.065e+01 -2.329e+00 4.867e+02 4.866e+02 4.344e+02
78.000 3.500e-01 -5.022e+01 -5.008e+01 -3.727e+00 4.863e+02 4.860e+02 4.343e+02
78.000 4.500e-01 -5.037e+01 -5.017e+01 -4.446e+00 4.868e+02 4.864e+02 4.346e+02
78.000 5.500e-01 -4.997e+01 -4.966e+01 -5.552e+00 4.866e+02 4.860e+02 4.348e+02
78.000 6.500e-01 -4.973e+01 -4.929e+01 -6.620e+00 4.867e+02 4.858e+02 4.348e+02
78.000 7.500e-01 -5.004e+01 -4.948e+01 -7.474e+00 4.864e+02 4.854e+02 4.354e+02
78.000 8.500e-01 -5.020e+01 -4.950e+01 -8.366e+00 4.869e+02 4.854e+02 4.357e+02
78.000 9.500e-01 -4.993e+01 -4.905e+01 -9.366e+00 4.865e+02 4.847e+02 4.362e+02
82.000 5.000e-02 -4.615e+01 -4.615e+01 -7.108e-01 4.882e+02 4.881e+02 4.365e+02
82.000 1.500e-01 -4.603e+01 -4.602e+01 -1.101e+00 4.879e+02 4.878e+02 4.368e+02
82.000 2.500e-01 -4.642e+01 -4.637e+01 -2.251e+00 4.877e+02 4.876e+02 4.370e+02
82.000 3.500e-01 -4.587e+01 -4.575e+01 -3.266e+00 4.882e+02 4.880e+02 4.369e+02
82.000 4.500e-01 -4.648e+01 -4.630e+01 -4.105e+00 4.882e+02 4.877e+02 4.372e+02
82.000 5.500e-01 -4.614e+01 -4.588e+01 -4.916e+00 4.880e+02 4.875e+02 4.374e+02
82.000 6.500e-01 -4.634e+01 -4.597e+01 -5.890e+00 4.880e+02 4.872e+02 4.377e+02
82.000 7.500e-01 -4.654e+01 -4.607e+01 -6.626e+00 4.884e+02 4.872e+02 4.382e+02
82.000 8.500e-01 -4.655e+01 -4.589e+01 -7.788e+00 4.882e+02 4.868e+02 4.383e+02
82.000 9.500e-01 -4.620e+01 -4.536e+01 -8.796e+00 4.879e+02 4.861e+02 4.388e+02
86.000 5.000e-02 -4.287e+01 -4.287e+01 -3.359e-01 4.891e+02 4.891e+02 4.390e+02
86.000 1.500e-01 -4.277e+01 -4.276e+01 -1.324e+00 4.889e+02 4.889e+02 4.389e+02
86.000 2.500e-01 -4.306e+01 -4.301e+01 -2.030e+00 4.892e+02 4.891e+02 4.393e+02
86.000 3.500e-01 -4.291e+01 -4.282e+01 -2.767e+00 4.892e+02 4.890e+02 4.393e+02
86.000 4.500e-01 -4.309e+01 -4.295e+01 -3.497e+00 4.894e+02 4.890e+02 4.397e+02
86.000 5.500e-01 -4.290e+01 -4.265e+01 -4.569e+00 4.891e+02 4.885e+02 4.397e+02
86.000 6.500e-01 -4.259e+01 -4.226e+01 -5.286e+00 4.889e+02 4.880e+02 4.397e+02
86.000 7.500e-01 -4.285e+01 -4.242e+01 -6.067e+00 4.891e+02 4.880e+02 4.401e+02
86.000 8.500e-01 -4.297e+01 -4.237e+01 -7.136e+00 4.895e+02 4.882e+02 4.406e+02
86.000 9.500e-01 -4.256e+01 -4.179e+01 -8.083e+00 4.889e+02 4.872e+02 4.407e+02
90.000 5.000e-02 -4.000e+01 -4.000e+01 -2.169e-01 4.902e+02 4.902e+02 4.412e+02
90.000 1.500e-01 -3.975e+01 -3.974e+01 -8.009e-01 4.899e+02 4.899e+02 4.418e+02
90.000 2.500e-01 -3.980e+01 -3.976e+01 -1.660e+00 4.900e+02 4.899e+02 4.416e+02
90.000 3.500e-01 -3.977e+01 -3.969e+01 -2.645e+00 4.903e+02 4.901e+02 4.415e+02
90.000 4.500e-01 -4.004e+01 -3.988e+01 -3.536e+00 4.901e+02 4.897e+02 4.418e+02
90.000 5.500e-01 -4.017e+01 -3.994e+01 -4.245e+00 4.900e+02 4.895e+02 4.419e+02
90.000 6.500e-01 -4.019e+01 -3.987e+01 -5.093e+00 4.906e+02 4.898e+02 4.420e+02
90.000 7.500e-01 -4.002e+01 -3.958e+01 -5.962e+00 4.905e+02 4.895e+02 4.426e+02
90.000 8.500e-01 -3.945e+01 -3.886e+01 -6.782e+00 4.905e+02 4.892e+02 4.429e+02
90.000 9.500e-01 -3.982e+01 -3.909e+01 -7.567e+00 4.903e+02 4.887e+02 4.433e+02
94.000 5.000e-02 -3.750e+01 -3.749e+01 -7.074e-01 4.913e+02 4.913e+02 4.432e+02
94.000 1.500e-01 -3.750e+01 -3.748e+01 -1.348e+00 4.914e+02 4.914e+02 4.438e+02
94.000 2.500e-01 -3.751e+01 -3.747e+01 -1.778e+00 4.911e+02 4.910e+02 4.437e+02
94.000 3.500e-01 -3.758e+01 -3.750e+01 -2.383e+00 4.915e+02 4.912e+02 4.439e+02
94.000 4.500e-01 -3.713e+01 -3.697e+01 -3.449e+00 4.914e+02 4.910e+02 4.438e+02
94.000 5.500e-01 -3.743e+01 -3.723e+01 -3.812e+00 4.914e+02 4.909e+02 4.440e+02
94.000 6.500e-01 -3.796e+01 -3.764e+01 -4.930e+00 4.914e+02 4.906e+02 4.442e+02
94.000 7.500e-01 -3.800e+01 -3.754e+01 -5.866e+00 4.914e+02 4.904e+02 4.446e+02
94.000 8.500e-01 -3.780e+01 -3.716e+01 -6.930e+00 4.915e+02 4.902e+02 4.451e+02
94.000 9.500e-01 -3.730e+01 -3.656e+01 -7.418e+00 4.913e+02 4.896e+02 4.452e+02
98.000 5.000e-02 -3.563e+01 -3.563e+01 -3.031e-02 4.925e+02 4.925e+02 4.452e+02
98.000 1.500e-01 -3.519e+01 -3.518e+01 -9.274e-01 4.925e+02 4.924e+02 4.454e+02
98.000 2.500e-01 -3.534e+01 -3.530e+01 -1.723e+00 4.923e+02 4.922e+02 4.456e+02
98.000 3.500e-01 -3.525e+01 -3.519e+01 -2.061e+00 4.926e+02 4.924e+02 4.455e+02
98.000 4.500e-01 -3.512e+01 -3.500e+01 -2.869e+00 4.923e+02 4.919e+02 4.458e+02
98.000 5.500e-01 -3.512e+01 -3.495e+01 -3.426e+00 4.923e+02 4.918e+02 4.464e+02
98.000 6.500e-01 -3.546e+01 -3.522e+01 -4.154e+00 4.922e+02 4.915e+02 4.463e+02
98.000 7.500e-01 -3.494e+01 -3.454e+01 -5.247e+00 4.924e+02 4.915e+02 4.462e+02
98.000 8.500e-01 -3.498e+01 -3.451e+01 -5.694e+00 4.923e+02 4.911e+02 4.465e+02
98.000 9.500e-01 -3.500e+01 -3.436e+01 -6.656e+00 4.919e+02 4.903e+02 4.471e+02
102.000 5.000e-02 -3.312e+01 -3.312e+01 -5.376e-02 4.930e+02 4.930e+02 4.473e+02
102.000 1.500e-01 -3.312e+01 -3.311e+01 -9.466e-01 4.933e+02 4.932e+02 4.472e+02
102.000 2.500e-01 -3.303e+01 -3.302e+01 -1.057e+00 4.929e+02 4.928e+02 4.473e+02
102.000 3.500e-01 -3.293e+01 -3.286e+01 -2.116e+00 4.929e+02 4.927e+02 4.475e+02
102.000 4.500e-01 -3.282e+01 -3.272e+01 -2.628e+00 4.932e+02 4.928e+02 4.476e+02
102.000 5.500e-01 -3.297e+01 -3.283e+01 -3.063e+00 4.930e+02 4.925e+02 4.476e+02
102.000 6.500e-01 -3.321e+01 -3.296e+01 -4.105e+00 4.932e+02 4.925e+02 4.482e+02
102.000 7.500e-01 -3.317e+01 -3.286e+01 -4.534e+00 4.931e+02 4.921e+02 4.483e+02
102.000 8.500e-01 -3.308e+01 -3.264e+01 -5.391e+00 4.928e+02 4.916e+02 4.485e+02
102.000 9.500e-01 -3.325e+01 -3.263e+01 -6.380e+00 4.927e+02 4.911e+02 4.491e+02
106.000 5.000e-02 -3.075e+01 -3.075e+01 -4.362e-01 4.937e+02 4.937e+02 4.490e+02
106.000 1.500e-01 -3.088e+01 -3.087e+01 -8.209e-01 4.939e+02 4.939e+02 4.490e+02
106.000 2.500e-01 -3.099e+01 -3.096e+01 -1.469e+00 4.934e+02 4.933e+02 4.492e+02
106.000 3.500e-01 -3.111e+01 -3.105e+01 -1.886e+00 4.940e+02 4.937e+02 4.493e+02
106.000 4.500e-01 -3.093e+01 -3.079e+01 -2.891e+00 4.937e+02 4.933e+02 4.493e+02
106.000 5.500e-01 -3.146e+01 -3.127e+01 -3.422e+00 4.941e+02 4.936e+02 4.497e+02
106.000 6.500e-01 -3.121e+01 -3.095e+01 -4.004e+00 4.939e+02 4.932e+02 4.499e+02
106.000 7.500e-01 -3.125e+01 -3.092e+01 -4.543e+00 4.941e+02 4.931e+02 4.502e+02
106.000 8.500e-01 -3.160e+01 -3.117e+01 -5.204e+00 4.939e+02 4.927e+02 4.503e+02
106.000 9.500e-01 -3.155e+01 -3.107e+01 -5.508e+00 4.937e+02 4.922e+02 4.508e+02
110.000 5.000e-02 -2.921e+01 -2.921e+01 -2.813e-01 4.944e+02 4.944e+02 4.506e+02
110.000 1.500e-01 -2.912e+01 -2.911e+01 -8.669e-01 4.943e+02 4.943e+02 4.506e+02
110.000 2.500e-01 -2.918e+01 -2.914e+01 -1.583e+00 4.944e+02 4.943e+02 4.506e+02
110.000 3.500e-01 -2.909e+01 -2.900e+01 -2.191e+00 4.941e+02 4.939e+02 4.508e+02
110.000 4.500e-01 -2.912e+01 -2.900e+01 -2.621e+00 4.941e+02 4.938e+02 4.510e+02
110.000 5.500e-01 -2.928e+01 -2.910e+01 -3.234e+00 4.946e+02 4.941e+02 4.511e+02
110.000 6.500e-01 -2.951e+01 -2.926e+01 -3.851e+00 4.944e+02 4.937e+02 4.514e+02
110.000 7.500e-01 -2.930e+01 -2.900e+01 -4.136e+00 4.944e+02 4.935e+02 4.516e+02
110.000 8.500e-01 -2.948e+01 -2.903e+01 -5.125e+00 4.944e+02 4.932e+02 4.518e+02
110.000 9.500e-01 -2.952e+01 -2.895e+01 -5.794e+00 4.948e+02 4.933e+02 4.520e+02
114.000 5.000e-02 -2.745e+01 -2.745e+01 -2.809e-01 4.949e+02 4.949e+02 4.521e+02
114.000 1.500e-01 -2.757e+01 -2.756e+01 -7.997e-01 4.950e+02 4.949e+02 4.523e+02
114.000 2.500e-01 -2.783e+01 -2.779e+01 -1.534e+00 4.951e+02 4.950e+02 4.522e+02
114.000 3.500e-01 -2.768e+01 -2.757e+01 -2.500e+00 4.950e+02 4.948e+02 4.521e+02
114.000 4.500e-01 -2.763e+01 -2.751e+01 -2.647e+00 4.952e+02 4.948e+02 4.523e+02
114.000 5.500e-01 -2.744e+01 -2.725e+01 -3.252e+00 4.952e+02 4.947e+02 4.525e+02
114.000 6.500e-01 -2.780e+01 -2.757e+01 -3.535e+00 4.950e+02 4.944e+02 4.530e+02
114.000 7.500e-01 -2.782e+01 -2.750e+01 -4.182e+00 4.951e+02 4.942e+02 4.532e+02
114.000 8.500e-01 -2.815e+01 -2.771e+01 -4.972e+00 4.950e+02 4.939e+02 4.533e+02
114.000 9.500e-01 -2.772e+01 -2.717e+01 -5.503e+00 4.954e+02 4.939e+02 4.537e+02
118.000 5.000e-02 -2.613e+01 -2.613e+01 -9.865e-02 4.955e+02 4.955e+02 4.534e+02
118.000 1.500e-01 -2.619e+01 -2.617e+01 -1.054e+00 4.955e+02 4.954e+02 4.536e+02
118.000 2.500e-01 -2.649e+01 -2.645e+01 -1.367e+00 4.955e+02 4.954e+02 4.537e+02
118.000 3.500e-01 -2.613e+01 -2.606e+01 -1.917e+00 4.957e+02 4.954e+02 4.538e+02
118.000 4.500e-01 -2.570e+01 -2.558e+01 -2.498e+00 4.956e+02 4.953e+02 4.536e+02
118.000 5.500e-01 -2.615e+01 -2.593e+01 -3.364e+00 4.955e+02 4.950e+02 4.539e+02
118.000 6.500e-01 -2.604e+01 -2.578e+01 -3.685e+00 4.954e+02 4.947e+02 4.543e+02
118.000 7.500e-01 -2.640e+01 -2.607e+01 -4.141e+00 4.955e+02 4.946e+02 4.547e+02
118.000 8.500e-01 -2.594e+01 -2.552e+01 -4.630e+00 4.954e+02 4.943e+02 4.547e+02
118.000 9.500e-01 -2.601e+01 -2.548e+01 -5.210e+00 4.954e+02 4.940e+02 4.550e+02
122.000 5.000e-02 -2.454e+01 -2.454e+01 -2.316e-01 4.961e+02 4.961e+02 4.546e+02
122.000 1.500e-01 -2.489e+01 -2.487e+01 -8.723e-01 4.961e+02 4.961e+02 4.546e+02
122.000 2.500e-01 -2.491e+01 -2.488e+01 -1.187e+00 4.961e+02 4.960e+02 4.550e+02
122.000 3.500e-01 -2.486e+01 -2.479e+01 -1.801e+00 4.961e+02 4.959e+02 4.552e+02
122.000 4.500e-01 -2.476e+01 -2.465e+01 -2.367e+00 4.959e+02 4.955e+02 4.551e+02
122.000 5.500e-01 -2.412e+01 -2.395e+01 -2.883e+00 4.958e+02 4.953e+02 4.554e+02
122.000 6.500e-01 -2.455e+01 -2.431e+01 -3.423e+00 4.959e+02 4.953e+02 4.556e+02
122.000 7.500e-01 -2.449e+01 -2.415e+01 -4.084e+00 4.958e+02 4.949e+02 4.558e+02
122.000 8.500e-01 -2.460e+01 -2.417e+01 -4.597e+00 4.958e+02 4.946e+02 4.561e+02
122.000 9.500e-01 -2.448e+01 -2.399e+01 -4.878e+00 4.958e+02 4.944e+02 4.563e+02
126.000 5.000e-02 -2.316e+01 -2.316e+01 -2.729e-01 4.966e+02 4.966e+02 4.560e+02
126.000 1.500e-01 -2.305e+01 -2.304e+01 -7.122e-01 4.964e+02 4.964e+02 4.560e+02
126.000 2.500e-01 -2.286e+01 -2.282e+01 -1.331e+00 4.962e+02 4.961e+02 4.563e+02
126.000 3.500e-01 -2.319e+01 -2.312e+01 -1.754e+00 4.964e+02 4.962e+02 4.563e+02
126.000 4.500e-01 -2.261e+01 -2.251e+01 -2.095e+00 4.963e+02 4.960e+02 4.565e+02
126.000 5.500e-01 -2.304e+01 -2.290e+01 -2.517e+00 4.964e+02 4.960e+02 4.566e+02
126.000 6.500e-01 -2.331e+01 -2.309e+01 -3.184e+00 4.963e+02 4.956e+02 4.568e+02
126.000 7.500e-01 -2.312e+01 -2.282e+01 -3.712e+00 4.962e+02 4.953e+02 4.568e+02
126.000 8.500e-01 -2.343e+01 -2.305e+01 -4.199e+00 4.962e+02 4.952e+02 4.573e+02
126.000 9.500e-01 -2.303e+01 -2.253e+01 -4.779e+00 4.963e+02 4.949e+02 4.576e+02
130.000 5.000e-02 -2.151e+01 -2.151e+01 -2.681e-01 4.970e+02 4.970e+02 4.571e+02
130.000 1.500e-01 -2.160e+01 -2.158e+01 -7.688e-01 4.967e+02 4.967e+02 4.575e+02
130.000 2.500e-01 -2.166e+01 -2.163e+01 -1.039e+00 4.970e+02 4.969e+02 4.574e+02
130.000 3.500e-01 -2.131e+01 -2.126e+01 -1.478e+00 4.966e+02 4.964e+02 4.576e+02
130.000 4.500e-01 -2.141e+01 -2.129e+01 -2.348e+00 4.966e+02 4.963e+02 4.578e+02
130.000 5.500e-01 -2.150e+01 -2.134e+01 -2.585e+00 4.968e+02 4.963e+02 4.579e+02
130.000 6.500e-01 -2.131e+01 -2.109e+01 -3.046e+00 4.966e+02 4.960e+02 4.581e+02
130.000 7.500e-01 -2.121e+01 -2.091e+01 -3.616e+00 4.964e+02 4.955e+02 4.582e+02
130.000 8.500e-01 -2.154e+01 -2.117e+01 -4.003e+00 4.963e+02 4.952e+02 4.583e+02
130.000 9.500e-01 -2.144e+01 -2.098e+01 -4.442e+00 4.965e+02 4.952e+02 4.587e+02
134.000 5.000e-02 -1.981e+01 -1.981e+01 -3.949e-02 4.970e+02 4.970e+02 4.582e+02
134.000 1.500e-01 -1.990e+01 -1.988e+01 -6.281e-01 4.969e+02 4.969e+02 4.583e+02
134.000 2.500e-01 -1.982e+01 -1.980e+01 -9.897e-01 4.971e+02 4.970e+02 4.584e+02
134.000 3.500e-01 -1.981e+01 -1.975e+01 -1.495e+00 4.972e+02 4.970e+02 4.587e+02
134.000 4.500e-01 -1.967e+01 -1.955e+01 -2.164e+00 4.970e+02 4.967e+02 4.588e+02
134.000 5.500e-01 -1.983e+01 -1.969e+01 -2.331e+00 4.969e+02 4.965e+02 4.590e+02
134.000 6.500e-01 -1.999e+01 -1.978e+01 -2.949e+00 4.971e+02 4.965e+02 4.593e+02
134.000 7.500e-01 -1.997e+01 -1.969e+01 -3.397e+00 4.970e+02 4.961e+02 4.593e+02
134.000 8.500e-01 -1.968e+01 -1.926e+01 -4.090e+00 4.967e+02 4.956e+02 4.597e+02
134.000 9.500e-01 -1.971e+01 -1.924e+01 -4.351e+00 4.968e+02 4.954e+02 4.599e+02
138.000 5.000e-02 -1.821e+01 -1.821e+01 -1.139e-01 4.971e+02 4.971e+02 4.593e+02
138.000 1.500e-01 -1.822e+01 -1.822e+01 -4.889e-01 4.971e+02 4.971e+02 4.595e+02
138.000 2.500e-01 -1.829e+01 -1.827e+01 -9.084e-01 4.972e+02 4.971e+02 4.597e+02
138.000 3.500e-01 -1.857e+01 -1.852e+01 -1.456e+00 4.971e+02 4.970e+02 4.595e+02
138.000 4.500e-01 -1.840e+01 -1.830e+01 -1.937e+00 4.972e+02 4.969e+02 4.600e+02
138.000 5.500e-01 -1.853e+01 -1.837e+01 -2.462e+00 4.971e+02 4.967e+02 4.601e+02
138.000 6.500e-01 -1.842e+01 -1.825e+01 -2.518e+00 4.972e+02 4.966e+02 4.602e+02
138.000 7.500e-01 -1.852e+01 -1.825e+01 -3.182e+00 4.974e+02 4.965e+02 4.606e+02
138.000 8.500e-01 -1.878e+01 -1.844e+01 -3.583e+00 4.970e+02 4.959e+02 4.608e+02
138.000 9.500e-01 -1.869e+01 -1.827e+01 -3.937e+00 4.971e+02 4.958e+02 4.613e+02
142.000 5.000e-02 -1.674e+01 -1.674e+01 -7.924e-02 4.973e+02 4.973e+02 4.606e+02
142.000 1.500e-01 -1.675e+01 -1.674e+01 -5.623e-01 4.973e+02 4.973e+02 4.606e+02
142.000 2.500e-01 -1.676e+01 -1.673e+01 -9.043e-01 4.973e+02 4.972e+02 4.607e+02
142.000 3.500e-01 -1.698e+01 -1.695e+01 -1.122e+00 4.972e+02 4.971e+02 4.606e+02
142.000 4.500e-01 -1.703e+01 -1.693e+01 -1.853e+00 4.972e+02 4.969e+02 4.607e+02
142.000 5.500e-01 -1.712e+01 -1.697e+01 -2.306e+00 4.974e+02 4.970e+02 4.611e+02
142.000 6.500e-01 -1.710e+01 -1.690e+01 -2.629e+00 4.973e+02 4.967e+02 4.613e+02
142.000 7.500e-01 -1.740e+01 -1.714e+01 -3.005e+00 4.972e+02 4.964e+02 4.616e+02
142.000 8.500e-01 -1.762e+01 -1.729e+01 -3.418e+00 4.974e+02 4.964e+02 4.621e+02
142.000 9.500e-01 -1.723e+01 -1.684e+01 -3.635e+00 4.972e+02 4.958e+02 4.622e+02
146.000 5.000e-02 -1.545e+01 -1.545e+01 -8.797e-02 4.973e+02 4.973e+02 4.619e+02
146.000 1.500e-01 -1.519e+01 -1.518e+01 -4.463e-01 4.974e+02 4.974e+02 4.619e+02
146.000 2.500e-01 -1.563e+01 -1.561e+01 -7.907e-01 4.974e+02 4.973e+02 4.617e+02
146.000 3.500e-01 -1.551e+01 -1.546e+01 -1.331e+00 4.974e+02 4.972e+02 4.617e+02
146.000 4.500e-01 -1.591e+01 -1.580e+01 -1.915e+00 4.975e+02 4.972e+02 4.617e+02
146.000 5.500e-01 -1.595e+01 -1.580e+01 -2.247e+00 4.976e+02 4.971e+02 4.622e+02
146.000 6.500e-01 -1.583e+01 -1.564e+01 -2.470e+00 4.975e+02 4.969e+02 4.623e+02
146.000 7.500e-01 -1.603e+01 -1.574e+01 -3.096e+00 4.975e+02 4.967e+02 4.626e+02
146.000 8.500e-01 -1.605e+01 -1.573e+01 -3.248e+00 4.974e+02 4.964e+02 4.630e+02
146.000 9.500e-01 -1.646e+01 -1.609e+01 -3.483e+00 4.974e+02 4.962e+02 4.633e+02
150.000 5.000e-02 -1.424e+01 -1.423e+01 -3.912e-01 4.977e+02 4.977e+02 4.627e+02
150.000 1.500e-01 -1.447e+01 -1.446e+01 -4.582e-01 4.975e+02 4.975e+02 4.627e+02
150.000 2.500e-01 -1.428e+01 -1.425e+01 -8.319e-01 4.974e+02 4.973e+02 4.625e+02
150.000 3.500e-01 -1.443e+01 -1.436e+01 -1.457e+00 4.976e+02 4.974e+02 4.627e+02
150.000 4.500e-01 -1.489e+01 -1.480e+01 -1.665e+00 4.978e+02 4.975e+02 4.630e+02
150.000 5.500e-01 -1.483e+01 -1.468e+01 -2.168e+00 4.977e+02 4.972e+02 4.632e+02
150.000 6.500e-01 -1.480e+01 -1.461e+01 -2.446e+00 4.975e+02 4.969e+02 4.634e+02
150.000 7.500e-01 -1.469e+01 -1.446e+01 -2.631e+00 4.977e+02 4.969e+02 4.637e+02
150.000 8.500e-01 -1.493e+01 -1.462e+01 -3.076e+00 4.976e+02 4.966e+02 4.638e+02
150.000 9.500e-01 -1.505e+01 -1.471e+01 -3.212e+00 4.977e+02 4.964e+02 4.643e+02
154.000 5.000e-02 -1.337e+01 -1.337e+01 6.857e-02 4.975e+02 4.975e+02 4.637e+02
154.000 1.500e-01 -1.341e+01 -1.341e+01 -3.114e-01 4.974e+02 4.974e+02 4.638e+02
154.000 2.500e-01 -1.352e+01 -1.348e+01 -9.596e-01 4.975e+02 4.974e+02 4.638e+02
154.000 3.500e-01 -1.362e+01 -1.356e+01 -1.308e+00 4.976e+02 4.975e+02 4.638e+02
154.000 4.500e-01 -1.379e+01 -1.369e+01 -1.670e+00 4.978e+02 4.976e+02 4.638e+02
154.000 5.500e-01 -1.395e+01 -1.382e+01 -1.917e+00 4.979e+02 4.975e+02 4.641e+02
154.000 6.500e-01 -1.356e+01 -1.338e+01 -2.268e+00 4.978e+02 4.972e+02 4.642e+02
154.000 7.500e-01 -1.361e+01 -1.334e+01 -2.795e+00 4.978e+02 4.971e+02 4.645e+02
154.000 8.500e-01 -1.343e+01 -1.315e+01 -2.802e+00 4.976e+02 4.967e+02 4.647e+02
154.000 9.500e-01 -1.408e+01 -1.377e+01 -2.958e+00 4.979e+02 4.967e+02 4.651e+02
158.000 5.000e-02 -1.284e+01 -1.283e+01 -1.738e-01 4.977e+02 4.977e+02 4.644e+02
158.000 1.500e-01 -1.270e+01 -1.269e+01 -5.186e-01 4.976e+02 4.975e+02 4.646e+02
158.000 2.500e-01 -1.276e+01 -1.272e+01 -1.137e+00 4.975e+02 4.974e+02 4.649e+02
158.000 3.500e-01 -1.285e+01 -1.281e+01 -1.010e+00 4.976e+02 4.974e+02 4.647e+02
158.000 4.500e-01 -1.267e+01 -1.259e+01 -1.487e+00 4.977e+02 4.974e+02 4.651e+02
158.000 5.500e-01 -1.280e+01 -1.266e+01 -2.021e+00 4.978e+02 4.974e+02 4.651e+02
158.000 6.500e-01 -1.281e+01 -1.264e+01 -2.126e+00 4.978e+02 4.972e+02 4.652e+02
158.000 7.500e-01 -1.256e+01 -1.234e+01 -2.424e+00 4.976e+02 4.969e+02 4.655e+02
158.000 8.500e-01 -1.257e+01 -1.229e+01 -2.705e+00 4.977e+02 4.967e+02 4.658e+02
158.000 9.500e-01 -1.291e+01 -1.260e+01 -2.848e+00 4.975e+02 4.964e+02 4.660e+02
162.000 5.000e-02 -1.164e+01 -1.164e+01 2.941e-03 4.977e+02 4.977e+02 4.655e+02
162.000 1.500e-01 -1.189e+01 -1.188e+01 -4.845e-01 4.979e+02 4.979e+02 4.656e+02
162.000 2.500e-01 -1.188e+01 -1.185e+01 -1.044e+00 4.979e+02 4.978e+02 4.657e+02
162.000 3.500e-01 -1.204e+01 -1.197e+01 -1.392e+00 4.977e+02 4.976e+02 4.658e+02
162.000 4.500e-01 -1.170e+01 -1.164e+01 -1.246e+00 4.975e+02 4.973e+02 4.657e+02
162.000 5.500e-01 -1.197e+01 -1.185e+01 -1.702e+00 4.977e+02 4.973e+02 4.659e+02
162.000 6.500e-01 -1.174e+01 -1.159e+01 -1.883e+00 4.977e+02 4.971e+02 4.660e+02
162.000 7.500e-01 -1.203e+01 -1.181e+01 -2.384e+00 4.977e+02 4.970e+02 4.663e+02
162.000 8.500e-01 -1.200e+01 -1.170e+01 -2.779e+00 4.978e+02 4.969e+02 4.664e+02
162.000 9.500e-01 -1.196e+01 -1.161e+01 -2.924e+00 4.976e+02 4.964e+02 4.667e+02
166.000 5.000e-02 -1.097e+01 -1.097e+01 -2.403e-03 4.975e+02 4.975e+02 4.664e+02
166.000 1.500e-01 -1.097e+01 -1.097e+01 -3.395e-01 4.978e+02 4.978e+02 4.664e+02
166.000 2.500e-01 -1.103e+01 -1.101e+01 -7.139e-01 4.977e+02 4.976e+02 4.663e+02
166.000 3.500e-01 -1.116e+01 -1.109e+01 -1.339e+00 4.976e+02 4.974e+02 4.663e+02
166.000 4.500e-01 -1.103e+01 -1.095e+01 -1.390e+00 4.975e+02 4.972e+02 4.665e+02
166.000 5.500e-01 -1.121e+01 -1.112e+01 -1.435e+00 4.976e+02 4.972e+02 4.666e+02
166.000 6.500e-01 -1.143e+01 -1.127e+01 -1.920e+00 4.974e+02 4.969e+02 4.667e+02
166.000 7.500e-01 -1.134e+01 -1.112e+01 -2.287e+00 4.976e+02 4.969e+02 4.669e+02
166.000 8.500e-01 -1.119e+01 -1.090e+01 -2.650e+00 4.975e+02 4.966e+02 4.672e+02
166.000 9.500e-01 -1.131e+01 -1.095e+01 -2.932e+00 4.976e+02 4.965e+02 4.675e+02
170.000 5.000e-02 -1.003e+01 -1.003e+01 6.217e-03 4.977e+02 4.977e+02 4.674e+02
170.000 1.500e-01 -1.031e+01 -1.030e+01 -3.451e-01 4.979e+02 4.979e+02 4.672e+02
170.000 2.500e-01 -1.029e+01 -1.026e+01 -7.650e-01 4.978e+02 4.977e+02 4.672e+02
170.000 3.500e-01 -1.045e+01 -1.040e+01 -9.569e-01 4.976e+02 4.975e+02 4.672e+02
170.000 4.500e-01 -1.066e+01 -1.059e+01 -1.177e+00 4.977e+02 4.974e+02 4.671e+02
170.000 5.500e-01 -1.055e+01 -1.044e+01 -1.617e+00 4.976e+02 4.972e+02 4.676e+02
170.000 6.500e-01 -1.043e+01 -1.027e+01 -1.907e+00 4.977e+02 4.972e+02 4.676e+02
170.000 7.500e-01 -1.064e+01 -1.041e+01 -2.362e+00 4.974e+02 4.967e+02 4.677e+02
170.000 8.500e-01 -1.069e+01 -1.041e+01 -2.570e+00 4.977e+02 4.968e+02 4.681e+02
170.000 9.500e-01 -1.069e+01 -1.035e+01 -2.774e+00 4.977e+02 4.966e+02 4.685e+02
174.000 5.000e-02 -9.706e+00 -9.704e+00 -1.733e-01 4.974e+02 4.974e+02 4.679e+02
174.000 1.500e-01 -9.672e+00 -9.660e+00 -5.476e-01 4.976e+02 4.976e+02 4.679e+02
174.000 2.500e-01 -9.823e+00 -9.790e+00 -8.966e-01 4.976e+02 4.975e+02 4.679e+02
174.000 3.500e-01 -9.675e+00 -9.632e+00 -9.305e-01 4.976e+02 4.975e+02 4.678e+02
174.000 4.500e-01 -9.863e+00 -9.796e+00 -1.184e+00 4.976e+02 4.974e+02 4.678e+02
174.000 5.500e-01 -9.950e+00 -9.830e+00 -1.620e+00 4.976e+02 4.972e+02 4.681e+02
174.000 6.500e-01 -1.014e+01 -9.960e+00 -2.050e+00 4.977e+02 4.972e+02 4.685e+02
174.000 7.500e-01 -1.009e+01 -9.839e+00 -2.413e+00 4.976e+02 4.969e+02 4.687e+02
174.000 8.500e-01 -1.003e+01 -9.714e+00 -2.701e+00 4.978e+02 4.969e+02 4.689e+02
174.000 9.500e-01 -9.932e+00 -9.590e+00 -2.722e+00 4.978e+02 4.967e+02 4.692e+02
178.000 5.000e-02 -9.375e+00 -9.374e+00 -1.296e-01 4.975e+02 4.975e+02 4.686e+02
178.000 1.500e-01 -9.344e+00 -9.327e+00 -6.761e-01 4.976e+02 4.975e+02 4.686e+02
178.000 2.500e-01 -8.908e+00 -8.874e+00 -8.745e-01 4.976e+02 4.975e+02 4.686e+02
178.000 3.500e-01 -9.235e+00 -9.189e+00 -9.819e-01 4.976e+02 4.975e+02 4.686e+02
178.000 4.500e-01 -9.404e+00 -9.312e+00 -1.434e+00 4.975e+02 4.973e+02 4.689e+02
178.000 5.500e-01 -9.370e+00 -9.249e+00 -1.602e+00 4.977e+02 4.973e+02 4.688e+02
178.000 6.500e-01 -9.240e+00 -9.070e+00 -1.897e+00 4.975e+02 4.970e+02 4.693e+02
178.000 7.500e-01 -9.298e+00 -9.085e+00 -2.107e+00 4.978e+02 4.971e+02 4.697e+02
178.000 8.500e-01 -9.166e+00 -8.863e+00 -2.534e+00 4.977e+02 4.968e+02 4.697e+02
178.000 9.500e-01 -9.359e+00 -9.010e+00 -2.699e+00 4.976e+02 4.965e+02 4.701e+02
182.000 5.000e-02 -8.852e+00 -8.850e+00 -2.103e-01 4.973e+02 4.973e+02 4.692e+02
182.000 1.500e-01 -8.641e+00 -8.633e+00 -3.716e-01 4.976e+02 4.975e+02 4.692e+02
182.000 2.500e-01 -8.554e+00 -8.506e+00 -1.134e+00 4.975e+02 4.974e+02 4.693e+02
182.000 3.500e-01 -8.552e+00 -8.507e+00 -9.350e-01 4.975e+02 4.974e+02 4.695e+02
182.000 4.500e-01 -8.681e+00 -8.616e+00 -1.105e+00 4.975e+02 4.973e+02 4.695e+02
182.000 5.500e-01 -8.557e+00 -8.432e+00 -1.600e+00 4.976e+02 4.972e+02 4.697e+02
182.000 6.500e-01 -8.797e+00 -8.640e+00 -1.774e+00 4.974e+02 4.969e+02 4.699e+02
182.000 7.500e-01 -8.854e+00 -8.668e+00 -1.886e+00 4.976e+02 4.969e+02 4.702e+02
182.000 8.500e-01 -8.700e+00 -8.408e+00 -2.432e+00 4.974e+02 4.965e+02 4.703e+02
182.000 9.500e-01 -8.616e+00 -8.311e+00 -2.395e+00 4.974e+02 4.963e+02 4.706e+02
186.000 5.000e-02 -8.523e+00 -8.524e+00 7.414e-03 4.976e+02 4.976e+02 4.700e+02
186.000 1.500e-01 -8.455e+00 -8.439e+00 -6.526e-01 4.975e+02 4.975e+02 4.699e+02
186.000 2.500e-01 -8.244e+00 -8.221e+00 -6.413e-01 4.975e+02 4.974e+02 4.702e+02
186.000 3.500e-01 -8.002e+00 -7.936e+00 -1.217e+00 4.973e+02 4.972e+02 4.702e+02
186.000 4.500e-01 -8.316e+00 -8.239e+00 -1.236e+00 4.973e+02 4.971e+02 4.702e+02
186.000 5.500e-01 -8.303e+00 -8.190e+00 -1.484e+00 4.975e+02 4.972e+02 4.703e+02
186.000 6.500e-01 -8.280e+00 -8.122e+00 -1.739e+00 4.972e+02 4.967e+02 4.705e+02
186.000 7.500e-01 -8.304e+00 -8.107e+00 -1.925e+00 4.974e+02 4.968e+02 4.708e+02
186.000 8.500e-01 -8.248e+00 -7.996e+00 -2.161e+00 4.974e+02 4.966e+02 4.710e+02
186.000 9.500e-01 -8.534e+00 -8.239e+00 -2.347e+00 4.973e+02 4.962e+02 4.711e+02
190.000 5.000e-02 -8.065e+00 -8.064e+00 -1.209e-02 4.976e+02 4.976e+02 4.706e+02
190.000 1.500e-01 -7.838e+00 -7.833e+00 -2.825e-01 4.973e+02 4.973e+02 4.705e+02
190.000 2.500e-01 -7.787e+00 -7.760e+00 -7.331e-01 4.974e+02 4.973e+02 4.707e+02
190.000 3.500e-01 -7.889e+00 -7.842e+00 -9.460e-01 4.973e+02 4.971e+02 4.706e+02
190.000 4.500e-01 -7.758e+00 -7.686e+00 -1.151e+00 4.972e+02 4.969e+02 4.707e+02
190.000 5.500e-01 -8.020e+00 -7.877e+00 -1.727e+00 4.973e+02 4.969e+02 4.710e+02
190.000 6.500e-01 -7.781e+00 -7.640e+00 -1.587e+00 4.973e+02 4.968e+02 4.712e+02
190.000 7.500e-01 -7.912e+00 -7.752e+00 -1.654e+00 4.972e+02 4.965e+02 4.712e+02
190.000 8.500e-01 -7.853e+00 -7.617e+00 -2.050e+00 4.973e+02 4.965e+02 4.714e+02
190.000 9.500e-01 -7.726e+00 -7.467e+00 -2.083e+00 4.974e+02 4.963e+02 4.718e+02
194.000 5.000e-02 -7.636e+00 -7.637e+00 1.424e-02 4.974e+02 4.974e+02 4.712e+02
194.000 1.500e-01 -7.420e+00 -7.410e+00 -3.981e-01 4.972e+02 4.972e+02 4.712e+02
194.000 2.500e-01 -7.509e+00 -7.486e+00 -6.322e-01 4.973e+02 4.972e+02 4.712e+02
194.000 3.500e-01 -7.604e+00 -7.558e+00 -9.295e-01 4.972e+02 4.970e+02 4.713e+02
194.000 4.500e-01 -7.331e+00 -7.256e+00 -1.154e+00 4.972e+02 4.970e+02 4.714e+02
194.000 5.500e-01 -7.577e+00 -7.472e+00 -1.363e+00 4.972e+02 4.969e+02 4.716e+02
194.000 6.500e-01 -7.386e+00 -7.249e+00 -1.538e+00 4.973e+02 4.968e+02 4.717e+02
194.000 7.500e-01 -7.439e+00 -7.277e+00 -1.623e+00 4.973e+02 4.967e+02 4.720e+02
194.000 8.500e-01 -7.522e+00 -7.273e+00 -2.092e+00 4.973e+02 4.965e+02 4.721e+02
194.000 9.500e-01 -7.657e+00 -7.325e+00 -2.450e+00 4.972e+02 4.961e+02 4.723e+02
198.000 5.000e-02 -7.376e+00 -7.372e+00 -3.617e-01 4.971e+02 4.971e+02 4.716e+02
198.000 1.500e-01 -7.276e+00 -7.264e+00 -4.943e-01 4.971e+02 4.971e+02 4.719e+02
198.000 2.500e-01 -7.209e+00 -7.187e+00 -6.290e-01 4.972e+02 4.971e+02 4.719e+02
198.000 3.500e-01 -6.943e+00 -6.893e+00 -9.530e-01 4.970e+02 4.969e+02 4.719e+02
198.000 4.500e-01 -6.897e+00 -6.811e+00 -1.246e+00 4.971e+02 4.968e+02 4.720e+02
198.000 5.500e-01 -6.873e+00 -6.733e+00 -1.644e+00 4.971e+02 4.968e+02 4.720e+02
198.000 6.500e-01 -6.785e+00 -6.622e+00 -1.683e+00 4.973e+02 4.969e+02 4.723e+02
198.000 7.500e-01 -6.990e+00 -6.795e+00 -1.816e+00 4.971e+02 4.964e+02 4.724e+02
198.000 8.500e-01 -7.048e+00 -6.839e+00 -1.815e+00 4.972e+02 4.964e+02 4.726e+02
198.000 9.500e-01 -7.041e+00 -6.742e+00 -2.212e+00 4.973e+02 4.963e+02 4.730e+02
